4.400000 0.000000 0.000000 1.000000 0.000000 10.000000
4.500000 0.000000 0.000000 1.000000 0.000000 10.000000
4.600000 0.000000 0.095120 0.848115 0.056765 10.000000
4.700000 0.000000 0.171075 0.659023 0.169903 10.000000
4.800000 0.000000 0.183595 0.541150 0.275255 10.000000
4.900000 0.000000 0.289505 0.446673 0.263822 10.000000
5.000000 0.000000 0.258587 0.361472 0.379940 10.000000
5.100000 0.000000 0.232845 0.278918 0.488238 10.000000
5.200000 0.000000 0.362420 0.203345 0.434235 10.000000
5.300000 0.000000 0.430800 0.139553 0.429648 10.000000
5.400000 0.000000 0.394935 0.092183 0.512883 10.000000
5.500000 0.000000 0.283612 0.062518 0.653870 10.000000
5.600000 0.000000 0.479373 0.041640 0.478988 10.000000
5.700000 0.000000 0.487150 0.028727 0.484123 10.000000
5.800000 0.000000 0.486797 0.020515 0.492688 10.000000
5.900000 0.000000 0.453622 0.015200 0.531177 10.000000
6.000000 0.000000 0.890085 0.011043 0.098873 10.000000
6.100000 0.000000 0.495972 0.007890 0.496138 10.000000
6.200000 0.000000 0.469830 0.006570 0.523600 10.000000
6.300000 0.000000 0.398980 0.005103 0.595917 10.000000
6.400000 0.000000 0.532050 0.003770 0.464180 10.000000
6.500000 0.000000 0.697497 0.002735 0.299768 10.000000
