0.010000 0.244500 0.500600 0.254900
1 0.244500 0.500600 0.254900
2 0.222500 0.617800 0.159700
3 0.204800 0.689200 0.106000
4 0.185800 0.735200 0.079000
5 0.177200 0.764400 0.058400
6 0.163600 0.789800 0.046600
7 0.157100 0.803300 0.039600
8 0.149600 0.813700 0.036700
9 0.140200 0.826900 0.032900
10 0.134600 0.832500 0.032900
11 0.131400 0.836300 0.032300
13 0.123600 0.849100 0.027300
14 0.117600 0.855300 0.027100
16 0.112900 0.863000 0.024100
17 0.109600 0.867200 0.023200
19 0.099800 0.879400 0.020800
21 0.097600 0.882400 0.020000
23 0.091100 0.887300 0.021600
25 0.091400 0.889700 0.018900
28 0.081900 0.899700 0.018400
31 0.079100 0.904000 0.016900
34 0.072000 0.911600 0.016400
37 0.067500 0.916200 0.016300
41 0.057900 0.927100 0.015000
45 0.050700 0.934700 0.014600
49 0.047100 0.936400 0.016500
54 0.042200 0.944800 0.013000
59 0.035000 0.952500 0.012500
65 0.033700 0.954300 0.012000
72 0.027700 0.960200 0.012100
79 0.028500 0.958900 0.012600
86 0.023800 0.960500 0.015700
95 0.024000 0.960700 0.015300
104 0.023300 0.963300 0.013400
115 0.019500 0.967700 0.012800
126 0.012500 0.972100 0.015400
139 0.012200 0.973600 0.014200
153 0.012800 0.972100 0.015100
168 0.011600 0.966700 0.021700
185 0.018100 0.961000 0.020900
203 0.016500 0.958200 0.025300
223 0.016500 0.953500 0.030000
246 0.018800 0.947000 0.034200
270 0.020600 0.941700 0.037700
297 0.019400 0.938900 0.041700
327 0.015600 0.933000 0.051400
359 0.021900 0.921100 0.057000
395 0.018600 0.917000 0.064400
435 0.023200 0.902200 0.074600
478 0.039500 0.882400 0.078100
526 0.036500 0.868000 0.095500
579 0.045500 0.844400 0.110100
636 0.074500 0.816300 0.109200
700 0.074500 0.801400 0.124100
770 0.067300 0.770800 0.161900
847 0.086500 0.718100 0.195400
931 0.095800 0.642100 0.262100
1025 0.086900 0.562400 0.350700
1127 0.113800 0.482500 0.403700
1240 0.137800 0.423700 0.438500
1364 0.144800 0.358300 0.496900
1500 0.179500 0.268400 0.552100
1650 0.196700 0.169900 0.633400
1815 0.178300 0.083900 0.737800
1996 0.168100 0.016500 0.815400
2196 0.153300 0.000000 0.846700
2415 0.153300 0.000000 0.846700
2657 0.153300 0.000000 0.846700
2922 0.153300 0.000000 0.846700
3215 0.153300 0.000000 0.846700
3536 0.153300 0.000000 0.846700
3889 0.153300 0.000000 0.846700
4278 0.153300 0.000000 0.846700
4706 0.153300 0.000000 0.846700
5177 0.153300 0.000000 0.846700
5694 0.153300 0.000000 0.846700
6264 0.153300 0.000000 0.846700
6890 0.153300 0.000000 0.846700
7579 0.153300 0.000000 0.846700
8337 0.153300 0.000000 0.846700
9170 0.153300 0.000000 0.846700
10087 0.153300 0.000000 0.846700
11096 0.153300 0.000000 0.846700
12206 0.153300 0.000000 0.846700
13426 0.153300 0.000000 0.846700
14769 0.153300 0.000000 0.846700
16246 0.153300 0.000000 0.846700
17870 0.153300 0.000000 0.846700
19657 0.153300 0.000000 0.846700
21623 0.153300 0.000000 0.846700
23785 0.153300 0.000000 0.846700
26163 0.153300 0.000000 0.846700
28780 0.153300 0.000000 0.846700
31658 0.153300 0.000000 0.846700
34823 0.153300 0.000000 0.846700
38306 0.153300 0.000000 0.846700
42136 0.153300 0.000000 0.846700
46350 0.153300 0.000000 0.846700
50985 0.153300 0.000000 0.846700
56083 0.153300 0.000000 0.846700
61691 0.153300 0.000000 0.846700
67860 0.153300 0.000000 0.846700
74646 0.153300 0.000000 0.846700
82111 0.153300 0.000000 0.846700
90322 0.153300 0.000000 0.846700
99354 0.153300 0.000000 0.846700
