0.010000 0.249800 0.501000 0.249200
1 0.249800 0.501000 0.249200
2 0.192700 0.632900 0.174400
3 0.155300 0.721100 0.123600
4 0.129400 0.778800 0.091800
5 0.112900 0.814000 0.073100
6 0.098400 0.837400 0.064200
7 0.088900 0.856200 0.054900
8 0.082500 0.867800 0.049700
9 0.077200 0.877000 0.045800
10 0.072300 0.885600 0.042100
11 0.070100 0.888900 0.041000
13 0.064000 0.898500 0.037500
14 0.062100 0.902700 0.035200
16 0.054500 0.912000 0.033500
17 0.051300 0.915300 0.033400
19 0.050600 0.918000 0.031400
21 0.048700 0.920600 0.030700
23 0.043500 0.926500 0.030000
25 0.040100 0.928400 0.031500
28 0.034400 0.932600 0.033000
31 0.032800 0.930700 0.036500
34 0.029700 0.931800 0.038500
37 0.026500 0.932100 0.041400
41 0.024200 0.930500 0.045300
45 0.021200 0.929700 0.049100
49 0.018500 0.928900 0.052600
54 0.017100 0.925000 0.057900
59 0.015400 0.920600 0.064000
65 0.012200 0.919300 0.068500
72 0.008600 0.915500 0.075900
79 0.007000 0.908600 0.084400
86 0.005200 0.902100 0.092700
95 0.003600 0.891700 0.104700
104 0.003200 0.880200 0.116600
115 0.003100 0.864800 0.132100
126 0.000000 0.848100 0.151900
139 0.000000 0.819600 0.180400
153 0.000000 0.783800 0.216200
168 0.000000 0.742300 0.257700
185 0.000000 0.691200 0.308800
203 0.000000 0.650900 0.349100
223 0.000000 0.606600 0.393400
246 0.000000 0.559500 0.440500
270 0.000000 0.501700 0.498300
297 0.000000 0.427600 0.572400
327 0.000000 0.347100 0.652900
359 0.000000 0.265700 0.734300
395 0.000000 0.185400 0.814600
435 0.000000 0.128300 0.871700
478 0.000000 0.087600 0.912400
526 0.000000 0.044200 0.955800
579 0.000000 0.049600 0.950400
636 0.000000 0.033800 0.966200
700 0.000000 0.044000 0.956000
770 0.000000 0.040400 0.959600
847 0.000000 0.041100 0.958900
931 0.000000 0.030500 0.969500
1025 0.000000 0.028500 0.971500
1127 0.000000 0.028500 0.971500
1240 0.000000 0.031100 0.968900
1364 0.000000 0.032100 0.967900
1500 0.000000 0.034300 0.965700
1650 0.000000 0.038900 0.961100
1815 0.000000 0.029900 0.970100
1996 0.000000 0.033000 0.967000
2196 0.000000 0.037500 0.962500
2415 0.000000 0.037200 0.962800
2657 0.000000 0.036700 0.963300
2922 0.000000 0.035100 0.964900
3215 0.000000 0.032900 0.967100
3536 0.000000 0.031400 0.968600
3889 0.000000 0.029000 0.971000
4278 0.000000 0.028600 0.971400
4706 0.000000 0.029100 0.970900
5177 0.000000 0.026500 0.973500
5694 0.000000 0.030400 0.969600
6264 0.000000 0.027400 0.972600
6890 0.000000 0.024600 0.975400
7579 0.000000 0.025200 0.974800
8337 0.000000 0.029200 0.970800
9170 0.000000 0.031300 0.968700
10087 0.000000 0.033100 0.966900
11096 0.000000 0.028900 0.971100
12206 0.000000 0.029000 0.971000
13426 0.000000 0.020300 0.979700
14769 0.000000 0.032700 0.967300
16246 0.000000 0.027500 0.972500
17870 0.000000 0.026900 0.973100
19657 0.000000 0.029500 0.970500
21623 0.000000 0.032000 0.968000
23785 0.000000 0.025500 0.974500
26163 0.000000 0.035500 0.964500
28780 0.000000 0.036600 0.963400
31658 0.000000 0.032800 0.967200
34823 0.000000 0.035100 0.964900
38306 0.000000 0.032800 0.967200
42136 0.000000 0.033200 0.966800
46350 0.000000 0.025100 0.974900
50985 0.000000 0.032400 0.967600
56083 0.000000 0.032400 0.967600
61691 0.000000 0.035500 0.964500
67860 0.000000 0.032800 0.967200
74646 0.000000 0.027200 0.972800
82111 0.000000 0.022200 0.977800
90322 0.000000 0.035200 0.964800
99354 0.000000 0.024000 0.976000
