0.010000 0.251000 0.500400 0.248600
1 0.251000 0.500400 0.248600
2 0.199600 0.635500 0.164900
3 0.160000 0.719800 0.120200
4 0.131700 0.776100 0.092200
5 0.114500 0.810000 0.075500
6 0.097800 0.837700 0.064500
7 0.088500 0.853200 0.058300
8 0.078400 0.867100 0.054500
9 0.071100 0.877500 0.051400
10 0.066900 0.885300 0.047800
11 0.060300 0.894200 0.045500
13 0.053500 0.905300 0.041200
14 0.048500 0.911900 0.039600
16 0.041900 0.920100 0.038000
17 0.038300 0.926100 0.035600
19 0.034600 0.932600 0.032800
21 0.028500 0.938600 0.032900
23 0.024300 0.942800 0.032900
25 0.022600 0.946600 0.030800
28 0.019700 0.947700 0.032600
31 0.017700 0.946200 0.036100
34 0.015800 0.946500 0.037700
37 0.012900 0.948900 0.038200
41 0.008800 0.951700 0.039500
45 0.008300 0.949700 0.042000
49 0.007000 0.949700 0.043300
54 0.004700 0.949400 0.045900
59 0.004600 0.950500 0.044900
65 0.003700 0.945300 0.051000
72 0.002900 0.942900 0.054200
79 0.002600 0.934100 0.063300
86 0.002300 0.928700 0.069000
95 0.002000 0.922100 0.075900
104 0.000000 0.910700 0.089300
115 0.000000 0.899200 0.100800
126 0.000000 0.885100 0.114900
139 0.000000 0.872700 0.127300
153 0.000000 0.848600 0.151400
168 0.000000 0.824600 0.175400
185 0.000000 0.793900 0.206100
203 0.000000 0.761300 0.238700
223 0.000000 0.721100 0.278900
246 0.000000 0.668600 0.331400
270 0.000000 0.616500 0.383500
297 0.000000 0.557100 0.442900
327 0.000000 0.489700 0.510300
359 0.000000 0.432400 0.567600
395 0.000000 0.357100 0.642900
435 0.000000 0.289800 0.710200
478 0.000000 0.240000 0.760000
526 0.000000 0.175300 0.824700
579 0.000000 0.111000 0.889000
636 0.000000 0.073000 0.927000
700 0.000000 0.043200 0.956800
770 0.000000 0.038300 0.961700
847 0.000000 0.037000 0.963000
931 0.000000 0.040800 0.959200
1025 0.000000 0.039100 0.960900
1127 0.000000 0.038600 0.961400
1240 0.000000 0.029000 0.971000
1364 0.000000 0.033500 0.966500
1500 0.000000 0.033000 0.967000
1650 0.000000 0.023600 0.976400
1815 0.000000 0.030000 0.970000
1996 0.000000 0.030500 0.969500
2196 0.000000 0.026300 0.973700
2415 0.000000 0.024600 0.975400
2657 0.000000 0.030900 0.969100
2922 0.000000 0.027600 0.972400
3215 0.000000 0.027400 0.972600
3536 0.000000 0.023200 0.976800
3889 0.000000 0.017800 0.982200
4278 0.000000 0.025300 0.974700
4706 0.000000 0.026000 0.974000
5177 0.000000 0.027600 0.972400
5694 0.000000 0.026500 0.973500
6264 0.000000 0.042300 0.957700
6890 0.000000 0.036800 0.963200
7579 0.000000 0.035500 0.964500
8337 0.000000 0.030900 0.969100
9170 0.000000 0.032500 0.967500
10087 0.000000 0.033400 0.966600
11096 0.000000 0.035000 0.965000
12206 0.000000 0.028500 0.971500
13426 0.000000 0.028000 0.972000
14769 0.000000 0.033800 0.966200
16246 0.000000 0.035000 0.965000
17870 0.000000 0.025100 0.974900
19657 0.000000 0.035500 0.964500
21623 0.000000 0.025100 0.974900
23785 0.000000 0.027300 0.972700
26163 0.000000 0.027700 0.972300
28780 0.000000 0.040900 0.959100
31658 0.000000 0.024700 0.975300
34823 0.000000 0.021300 0.978700
38306 0.000000 0.030600 0.969400
42136 0.000000 0.031500 0.968500
46350 0.000000 0.028000 0.972000
50985 0.000000 0.028200 0.971800
56083 0.000000 0.038300 0.961700
61691 0.000000 0.029300 0.970700
67860 0.000000 0.033100 0.966900
74646 0.000000 0.033300 0.966700
82111 0.000000 0.031100 0.968900
90322 0.000000 0.027700 0.972300
99354 0.000000 0.019700 0.980300
