0.010000 0.250000 0.488200 0.261800
1 0.250000 0.488200 0.261800
2 0.196100 0.621100 0.182800
3 0.151800 0.712600 0.135600
4 0.127300 0.770500 0.102200
5 0.107100 0.812900 0.080000
6 0.092300 0.843100 0.064600
7 0.084600 0.860100 0.055300
8 0.073200 0.879200 0.047600
9 0.067200 0.889100 0.043700
10 0.063800 0.898400 0.037800
11 0.057500 0.906200 0.036300
13 0.049800 0.917700 0.032500
14 0.048400 0.920600 0.031000
16 0.043100 0.931200 0.025700
17 0.041000 0.934900 0.024100
19 0.038000 0.938600 0.023400
21 0.035200 0.943000 0.021800
23 0.032800 0.946500 0.020700
25 0.031200 0.949300 0.019500
28 0.028700 0.952900 0.018400
31 0.026300 0.954600 0.019100
34 0.020700 0.959100 0.020200
37 0.018100 0.962600 0.019300
41 0.013900 0.966200 0.019900
45 0.013300 0.966700 0.020000
49 0.010800 0.968500 0.020700
54 0.009700 0.969400 0.020900
59 0.006600 0.971800 0.021600
65 0.004300 0.971600 0.024100
72 0.002300 0.974500 0.023200
79 0.001300 0.973600 0.025100
86 0.000900 0.974400 0.024700
95 0.000400 0.972100 0.027500
104 0.000000 0.974500 0.025500
115 0.000000 0.974000 0.026000
126 0.000000 0.970400 0.029600
139 0.000000 0.966300 0.033700
153 0.000000 0.965900 0.034100
168 0.000000 0.963600 0.036400
185 0.000000 0.961200 0.038800
203 0.000000 0.959400 0.040600
223 0.000000 0.958600 0.041400
246 0.000000 0.958900 0.041100
270 0.000000 0.958200 0.041800
297 0.000000 0.953200 0.046800
327 0.000000 0.951000 0.049000
359 0.000000 0.948700 0.051300
395 0.000000 0.944400 0.055600
435 0.000000 0.932500 0.067500
478 0.000000 0.923800 0.076200
526 0.000000 0.926200 0.073800
579 0.000000 0.909000 0.091000
636 0.000000 0.893400 0.106600
700 0.000000 0.885400 0.114600
770 0.000000 0.870500 0.129500
847 0.000000 0.862500 0.137500
931 0.000000 0.851600 0.148400
1025 0.000000 0.844500 0.155500
1127 0.000000 0.846600 0.153400
1240 0.000000 0.829600 0.170400
1364 0.000000 0.797900 0.202100
1500 0.000000 0.746300 0.253700
1650 0.000000 0.737800 0.262200
1815 0.000000 0.698000 0.302000
1996 0.000000 0.662100 0.337900
2196 0.000000 0.664200 0.335800
2415 0.000000 0.610200 0.389800
2657 0.000000 0.588400 0.411600
2922 0.000000 0.590600 0.409400
3215 0.000000 0.612600 0.387400
3536 0.000000 0.534200 0.465800
3889 0.000000 0.554300 0.445700
4278 0.000000 0.531800 0.468200
4706 0.000000 0.643900 0.356100
5177 0.000000 0.644400 0.355600
5694 0.000000 0.660200 0.339800
6264 0.000000 0.567300 0.432700
6890 0.000000 0.553500 0.446500
7579 0.000000 0.583200 0.416800
8337 0.000000 0.601500 0.398500
9170 0.000000 0.608600 0.391400
10087 0.000000 0.589600 0.410400
11096 0.000000 0.538600 0.461400
12206 0.000000 0.644400 0.355600
13426 0.000000 0.547200 0.452800
14769 0.000000 0.550400 0.449600
16246 0.000000 0.562100 0.437900
17870 0.000000 0.532300 0.467700
19657 0.000000 0.608500 0.391500
21623 0.000000 0.578400 0.421600
23785 0.000000 0.556300 0.443700
26163 0.000000 0.527800 0.472200
28780 0.000000 0.540000 0.460000
31658 0.000000 0.620500 0.379500
34823 0.000000 0.530100 0.469900
38306 0.000000 0.570400 0.429600
42136 0.000000 0.502300 0.497700
46350 0.000000 0.602800 0.397200
50985 0.000000 0.572100 0.427900
56083 0.000000 0.596600 0.403400
61691 0.000000 0.570600 0.429400
67860 0.000000 0.550200 0.449800
74646 0.000000 0.578000 0.422000
82111 0.000000 0.622900 0.377100
90322 0.000000 0.510200 0.489800
99354 0.000000 0.574700 0.425300

