0.010000 0.256400 0.495200 0.248400
1 0.256400 0.495200 0.248400
2 0.203400 0.627500 0.169100
3 0.159900 0.718100 0.122000
4 0.140500 0.768900 0.090600
5 0.121400 0.805800 0.072800
6 0.112000 0.829600 0.058400
7 0.099200 0.849600 0.051200
8 0.087400 0.866300 0.046300
9 0.080700 0.879100 0.040200
10 0.076500 0.888300 0.035200
11 0.072200 0.892800 0.035000
13 0.063100 0.902400 0.034500
14 0.059700 0.907800 0.032500
16 0.055200 0.913200 0.031600
17 0.051800 0.917300 0.030900
19 0.047700 0.918700 0.033600
21 0.045500 0.922100 0.032400
23 0.042700 0.922000 0.035300
25 0.037800 0.927800 0.034400
28 0.036800 0.929100 0.034100
31 0.030600 0.934300 0.035100
34 0.029200 0.935800 0.035000
37 0.024200 0.939700 0.036100
41 0.020500 0.941200 0.038300
45 0.017800 0.943000 0.039200
49 0.014100 0.943800 0.042100
54 0.011000 0.944900 0.044100
59 0.009400 0.944300 0.046300
65 0.005400 0.945100 0.049500
72 0.001900 0.941300 0.056800
79 0.001900 0.937200 0.060900
86 0.000700 0.929700 0.069600
95 0.000400 0.919500 0.080100
104 0.000000 0.912800 0.087200
115 0.000000 0.900500 0.099500
126 0.000000 0.892200 0.107800
139 0.000000 0.875700 0.124300
153 0.000000 0.859700 0.140300
168 0.000000 0.839000 0.161000
185 0.000000 0.813400 0.186600
203 0.000000 0.784100 0.215900
223 0.000000 0.748200 0.251800
246 0.000000 0.705400 0.294600
270 0.000000 0.660200 0.339800
297 0.000000 0.612200 0.387800
327 0.000000 0.560100 0.439900
359 0.000000 0.500700 0.499300
395 0.000000 0.431800 0.568200
435 0.000000 0.362700 0.637300
478 0.000000 0.299200 0.700800
526 0.000000 0.239200 0.760800
579 0.000000 0.183500 0.816500
636 0.000000 0.136700 0.863300
700 0.000000 0.091200 0.908800
770 0.000000 0.063300 0.936700
847 0.000000 0.038600 0.961400
931 0.000000 0.036100 0.963900
1025 0.000000 0.032800 0.967200
1127 0.000000 0.026700 0.973300
1240 0.000000 0.032000 0.968000
1364 0.000000 0.027100 0.972900
1500 0.000000 0.029100 0.970900
1650 0.000000 0.028100 0.971900
1815 0.000000 0.028700 0.971300
1996 0.000000 0.029800 0.970200
2196 0.000000 0.024900 0.975100
2415 0.000000 0.022100 0.977900
2657 0.000000 0.023600 0.976400
2922 0.000000 0.019900 0.980100
3215 0.000000 0.023700 0.976300
3536 0.000000 0.027200 0.972800
3889 0.000000 0.031300 0.968700
4278 0.000000 0.025300 0.974700
4706 0.000000 0.028400 0.971600
5177 0.000000 0.024100 0.975900
5694 0.000000 0.026900 0.973100
6264 0.000000 0.032400 0.967600
6890 0.000000 0.027800 0.972200
7579 0.000000 0.029700 0.970300
8337 0.000000 0.025900 0.974100
9170 0.000000 0.035600 0.964400
10087 0.000000 0.027900 0.972100
11096 0.000000 0.036300 0.963700
12206 0.000000 0.026700 0.973300
13426 0.000000 0.030200 0.969800
14769 0.000000 0.042800 0.957200
16246 0.000000 0.026400 0.973600
17870 0.000000 0.028000 0.972000
19657 0.000000 0.031800 0.968200
21623 0.000000 0.026700 0.973300
23785 0.000000 0.029500 0.970500
26163 0.000000 0.027900 0.972100
28780 0.000000 0.031500 0.968500
31658 0.000000 0.028200 0.971800
34823 0.000000 0.026500 0.973500
38306 0.000000 0.024000 0.976000
42136 0.000000 0.026200 0.973800
46350 0.000000 0.023100 0.976900
50985 0.000000 0.028200 0.971800
56083 0.000000 0.026300 0.973700
61691 0.000000 0.030400 0.969600
67860 0.000000 0.030800 0.969200
74646 0.000000 0.035100 0.964900
82111 0.000000 0.029000 0.971000
90322 0.000000 0.023400 0.976600
99354 0.000000 0.024300 0.975700
