0.010000 0.251400 0.497200 0.251400
1 0.251400 0.497200 0.251400
2 0.223000 0.612700 0.164300
3 0.201100 0.685800 0.113100
4 0.184400 0.730500 0.085100
5 0.169500 0.763300 0.067200
6 0.160300 0.787200 0.052500
7 0.150700 0.805100 0.044200
8 0.138500 0.820000 0.041500
9 0.133000 0.830100 0.036900
10 0.124200 0.843200 0.032600
11 0.117600 0.851400 0.031000
13 0.111400 0.861300 0.027300
14 0.107900 0.864600 0.027500
16 0.103000 0.873500 0.023500
17 0.102200 0.875800 0.022000
19 0.095700 0.885800 0.018500
21 0.093400 0.889300 0.017300
23 0.088700 0.896100 0.015200
25 0.078000 0.907900 0.014100
28 0.070700 0.915900 0.013400
31 0.068100 0.920400 0.011500
34 0.066600 0.924200 0.009200
37 0.063400 0.929700 0.006900
41 0.052000 0.939300 0.008700
45 0.046500 0.943900 0.009600
49 0.042900 0.947500 0.009600
54 0.043300 0.949700 0.007000
59 0.035200 0.958000 0.006800
65 0.029700 0.962400 0.007900
72 0.025500 0.967300 0.007200
79 0.021800 0.972900 0.005300
86 0.016200 0.979400 0.004400
95 0.015900 0.981400 0.002700
104 0.013100 0.985000 0.001900
115 0.013700 0.984500 0.001800
126 0.011600 0.987600 0.000800
139 0.009400 0.990600 0.000000
153 0.007100 0.992900 0.000000
168 0.005200 0.994800 0.000000
185 0.000000 1.000000 0.000000
203 0.000000 1.000000 0.000000
223 0.000000 1.000000 0.000000
246 0.000000 1.000000 0.000000
270 0.000000 1.000000 0.000000
297 0.000000 1.000000 0.000000
327 0.000000 1.000000 0.000000
359 0.000000 1.000000 0.000000
395 0.000000 1.000000 0.000000
435 0.000000 1.000000 0.000000
478 0.000000 1.000000 0.000000
526 0.000000 1.000000 0.000000
579 0.000000 1.000000 0.000000
636 0.000000 1.000000 0.000000
700 0.000000 1.000000 0.000000
770 0.000000 1.000000 0.000000
847 0.000000 1.000000 0.000000
931 0.000000 1.000000 0.000000
1025 0.000000 1.000000 0.000000
1127 0.000000 1.000000 0.000000
1240 0.000000 1.000000 0.000000
1364 0.000000 1.000000 0.000000
1500 0.000000 1.000000 0.000000
1650 0.000000 1.000000 0.000000
1815 0.000000 1.000000 0.000000
1996 0.000000 1.000000 0.000000
2196 0.000000 1.000000 0.000000
2415 0.000000 1.000000 0.000000
2657 0.000000 1.000000 0.000000
2922 0.000000 1.000000 0.000000
3215 0.000000 1.000000 0.000000
3536 0.000000 1.000000 0.000000
3889 0.000000 1.000000 0.000000
4278 0.000000 1.000000 0.000000
4706 0.000000 1.000000 0.000000
5177 0.000000 1.000000 0.000000
5694 0.000000 1.000000 0.000000
6264 0.000000 1.000000 0.000000
6890 0.000000 1.000000 0.000000
7579 0.000000 1.000000 0.000000
8337 0.000000 1.000000 0.000000
9170 0.000000 1.000000 0.000000
10087 0.000000 1.000000 0.000000
11096 0.000000 1.000000 0.000000
12206 0.000000 1.000000 0.000000
13426 0.000000 1.000000 0.000000
14769 0.000000 1.000000 0.000000
16246 0.000000 1.000000 0.000000
17870 0.000000 1.000000 0.000000
19657 0.000000 1.000000 0.000000
21623 0.000000 1.000000 0.000000
23785 0.000000 1.000000 0.000000
26163 0.000000 1.000000 0.000000
28780 0.000000 1.000000 0.000000
31658 0.000000 1.000000 0.000000
34823 0.000000 1.000000 0.000000
38306 0.000000 1.000000 0.000000
42136 0.000000 1.000000 0.000000
46350 0.000000 1.000000 0.000000
50985 0.000000 1.000000 0.000000
56083 0.000000 1.000000 0.000000
61691 0.000000 1.000000 0.000000
67860 0.000000 1.000000 0.000000
74646 0.000000 1.000000 0.000000
82111 0.000000 1.000000 0.000000
90322 0.000000 1.000000 0.000000
99354 0.000000 1.000000 0.000000
