0.010000 0.252800 0.494000 0.253200
1 0.252800 0.494000 0.253200
2 0.194300 0.631500 0.174200
3 0.153900 0.717300 0.128800
4 0.122400 0.785700 0.091900
5 0.104400 0.824600 0.071000
6 0.089500 0.854500 0.056000
7 0.082000 0.868500 0.049500
8 0.071800 0.884700 0.043500
9 0.068300 0.892800 0.038900
10 0.065800 0.896600 0.037600
11 0.064900 0.900400 0.034700
13 0.063300 0.904200 0.032500
14 0.062200 0.908200 0.029600
16 0.054800 0.918400 0.026800
17 0.052300 0.921100 0.026600
19 0.047200 0.926200 0.026600
21 0.043600 0.930600 0.025800
23 0.041200 0.933100 0.025700
25 0.036600 0.940500 0.022900
28 0.033900 0.943700 0.022400
31 0.031200 0.945800 0.023000
34 0.030200 0.948600 0.021200
37 0.026700 0.951700 0.021600
41 0.024500 0.952400 0.023100
45 0.021600 0.956000 0.022400
49 0.016800 0.961200 0.022000
54 0.016200 0.963600 0.020200
59 0.010700 0.967300 0.022000
65 0.007100 0.970500 0.022400
72 0.004700 0.973800 0.021500
79 0.002600 0.973600 0.023800
86 0.001600 0.971700 0.026700
95 0.002800 0.971400 0.025800
104 0.003000 0.965100 0.031900
115 0.003100 0.962100 0.034800
126 0.003600 0.959000 0.037400
139 0.004600 0.954400 0.041000
153 0.002400 0.949900 0.047700
168 0.002700 0.945800 0.051500
185 0.001700 0.942200 0.056100
203 0.001700 0.942600 0.055700
223 0.000000 0.942200 0.057800
246 0.000000 0.941600 0.058400
270 0.000000 0.935200 0.064800
297 0.000000 0.923700 0.076300
327 0.000000 0.927200 0.072800
359 0.000000 0.928800 0.071200
395 0.000000 0.913100 0.086900
435 0.000000 0.909800 0.090200
478 0.000000 0.898500 0.101500
526 0.000000 0.898600 0.101400
579 0.000000 0.904200 0.095800
636 0.000000 0.890900 0.109100
700 0.000000 0.859400 0.140600
770 0.000000 0.838900 0.161100
847 0.000000 0.833600 0.166400
931 0.000000 0.828600 0.171400
1025 0.000000 0.799500 0.200500
1127 0.000000 0.748300 0.251700
1240 0.000000 0.727300 0.272700
1364 0.000000 0.681700 0.318300
1500 0.000000 0.659900 0.340100
1650 0.000000 0.628600 0.371400
1815 0.000000 0.596500 0.403500
1996 0.000000 0.541000 0.459000
2196 0.000000 0.569000 0.431000
2415 0.000000 0.589000 0.411000
2657 0.000000 0.545500 0.454500
2922 0.000000 0.587300 0.412700
3215 0.000000 0.565500 0.434500
3536 0.000000 0.579900 0.420100
3889 0.000000 0.566000 0.434000
4278 0.000000 0.594200 0.405800
4706 0.000000 0.596500 0.403500
5177 0.000000 0.572100 0.427900
5694 0.000000 0.565700 0.434300
6264 0.000000 0.586400 0.413600
6890 0.000000 0.567200 0.432800
7579 0.000000 0.538100 0.461900
8337 0.000000 0.616700 0.383300
9170 0.000000 0.577100 0.422900
10087 0.000000 0.559900 0.440100
11096 0.000000 0.605200 0.394800
12206 0.000000 0.602300 0.397700
13426 0.000000 0.526400 0.473600
14769 0.000000 0.565000 0.435000
16246 0.000000 0.571300 0.428700
17870 0.000000 0.538700 0.461300
19657 0.000000 0.567500 0.432500
21623 0.000000 0.596200 0.403800
23785 0.000000 0.585000 0.415000
26163 0.000000 0.553500 0.446500
28780 0.000000 0.573100 0.426900
31658 0.000000 0.620800 0.379200
34823 0.000000 0.553500 0.446500
38306 0.000000 0.552400 0.447600
42136 0.000000 0.558300 0.441700
46350 0.000000 0.596500 0.403500
50985 0.000000 0.580900 0.419100
56083 0.000000 0.585900 0.414100
61691 0.000000 0.582400 0.417600
67860 0.000000 0.549400 0.450600
74646 0.000000 0.662200 0.337800
82111 0.000000 0.580500 0.419500
90322 0.000000 0.577000 0.423000
99354 0.000000 0.559800 0.440200
