0.010000 0.247600 0.501100 0.251300
1 0.247600 0.501100 0.251300
2 0.222400 0.611500 0.166100
3 0.199400 0.687800 0.112800
4 0.180000 0.739500 0.080500
5 0.166200 0.767900 0.065900
6 0.154700 0.791700 0.053600
7 0.143900 0.813700 0.042400
8 0.135400 0.827800 0.036800
9 0.128500 0.839200 0.032300
10 0.119400 0.849100 0.031500
11 0.112700 0.857800 0.029500
13 0.099100 0.872500 0.028400
14 0.097200 0.873900 0.028900
16 0.090000 0.882500 0.027500
17 0.089200 0.884300 0.026500
19 0.084000 0.890400 0.025600
21 0.082100 0.891700 0.026200
23 0.071700 0.901700 0.026600
25 0.067800 0.907400 0.024800
28 0.064600 0.910800 0.024600
31 0.056600 0.919800 0.023600
34 0.049300 0.928400 0.022300
37 0.043800 0.932200 0.024000
41 0.039300 0.937400 0.023300
45 0.039100 0.939300 0.021600
49 0.035500 0.944800 0.019700
54 0.036100 0.947700 0.016200
59 0.030000 0.952400 0.017600
65 0.029300 0.954200 0.016500
72 0.029300 0.955900 0.014800
79 0.028200 0.958700 0.013100
86 0.028000 0.958100 0.013900
95 0.023000 0.963700 0.013300
104 0.019800 0.967000 0.013200
115 0.019400 0.967500 0.013100
126 0.021500 0.962100 0.016400
139 0.021400 0.965600 0.013000
153 0.022600 0.963400 0.014000
168 0.020100 0.963800 0.016100
185 0.015900 0.969400 0.014700
203 0.015500 0.964600 0.019900
223 0.010200 0.967000 0.022800
246 0.013600 0.958800 0.027600
270 0.020700 0.954500 0.024800
297 0.021400 0.949700 0.028900
327 0.028800 0.945200 0.026000
359 0.025700 0.949700 0.024600
395 0.027600 0.951600 0.020800
435 0.020800 0.952600 0.026600
478 0.021400 0.941200 0.037400
526 0.023800 0.930300 0.045900
579 0.038500 0.912900 0.048600
636 0.046100 0.894100 0.059800
700 0.051000 0.880700 0.068300
770 0.071600 0.830800 0.097600
847 0.083400 0.780600 0.136000
931 0.117100 0.728100 0.154800
1025 0.131500 0.660900 0.207600
1127 0.128300 0.567100 0.304600
1240 0.140500 0.485000 0.374500
1364 0.182500 0.384000 0.433500
1500 0.204200 0.302600 0.493200
1650 0.223700 0.190500 0.585800
1815 0.249400 0.097200 0.653400
1996 0.217200 0.010700 0.772100
2196 0.139800 0.006000 0.854200
2415 0.141100 0.000000 0.858900
2657 0.141100 0.000000 0.858900
2922 0.141100 0.000000 0.858900
3215 0.141100 0.000000 0.858900
3536 0.141100 0.000000 0.858900
3889 0.141100 0.000000 0.858900
4278 0.141100 0.000000 0.858900
4706 0.141100 0.000000 0.858900
5177 0.141100 0.000000 0.858900
5694 0.141100 0.000000 0.858900
6264 0.141100 0.000000 0.858900
6890 0.141100 0.000000 0.858900
7579 0.141100 0.000000 0.858900
8337 0.141100 0.000000 0.858900
9170 0.141100 0.000000 0.858900
10087 0.141100 0.000000 0.858900
11096 0.141100 0.000000 0.858900
12206 0.141100 0.000000 0.858900
13426 0.141100 0.000000 0.858900
14769 0.141100 0.000000 0.858900
16246 0.141100 0.000000 0.858900
17870 0.141100 0.000000 0.858900
19657 0.141100 0.000000 0.858900
21623 0.141100 0.000000 0.858900
23785 0.141100 0.000000 0.858900
26163 0.141100 0.000000 0.858900
28780 0.141100 0.000000 0.858900
31658 0.141100 0.000000 0.858900
34823 0.141100 0.000000 0.858900
38306 0.141100 0.000000 0.858900
42136 0.141100 0.000000 0.858900
46350 0.141100 0.000000 0.858900
50985 0.141100 0.000000 0.858900
56083 0.141100 0.000000 0.858900
61691 0.141100 0.000000 0.858900
67860 0.141100 0.000000 0.858900
74646 0.141100 0.000000 0.858900
82111 0.141100 0.000000 0.858900
90322 0.141100 0.000000 0.858900
99354 0.141100 0.000000 0.858900
