0.010000 0.244900 0.505300 0.249800
1 0.244900 0.505300 0.249800
2 0.187800 0.644300 0.167900
3 0.147000 0.734300 0.118700
4 0.118800 0.792000 0.089200
5 0.097400 0.835800 0.066800
6 0.083400 0.862700 0.053900
7 0.074300 0.879400 0.046300
8 0.067100 0.893000 0.039900
9 0.060500 0.902900 0.036600
10 0.054500 0.912400 0.033100
11 0.052100 0.914500 0.033400
13 0.046200 0.923000 0.030800
14 0.042800 0.929100 0.028100
16 0.041200 0.930800 0.028000
17 0.040000 0.934000 0.026000
19 0.037700 0.936500 0.025800
21 0.036400 0.938900 0.024700
23 0.032600 0.942200 0.025200
25 0.028300 0.946300 0.025400
28 0.026000 0.946600 0.027400
31 0.024500 0.948300 0.027200
34 0.022300 0.953600 0.024100
37 0.017600 0.958100 0.024300
41 0.016300 0.957900 0.025800
45 0.014600 0.957800 0.027600
49 0.013500 0.959400 0.027100
54 0.009700 0.960800 0.029500
59 0.006800 0.966000 0.027200
65 0.005400 0.967600 0.027000
72 0.005000 0.965700 0.029300
79 0.004300 0.963400 0.032300
86 0.002400 0.964200 0.033400
95 0.001900 0.966900 0.031200
104 0.000800 0.966100 0.033100
115 0.000000 0.964500 0.035500
126 0.000000 0.965200 0.034800
139 0.000000 0.960300 0.039700
153 0.000000 0.961800 0.038200
168 0.000000 0.957300 0.042700
185 0.000000 0.956600 0.043400
203 0.000000 0.953700 0.046300
223 0.000000 0.950800 0.049200
246 0.000000 0.940900 0.059100
270 0.000000 0.930800 0.069200
297 0.000000 0.914800 0.085200
327 0.000000 0.902700 0.097300
359 0.000000 0.892400 0.107600
395 0.000000 0.884300 0.115700
435 0.000000 0.865400 0.134600
478 0.000000 0.870000 0.130000
526 0.000000 0.868900 0.131100
579 0.000000 0.873900 0.126100
636 0.000000 0.863100 0.136900
700 0.000000 0.848400 0.151600
770 0.000000 0.843300 0.156700
847 0.000000 0.858800 0.141200
931 0.000000 0.825800 0.174200
1025 0.000000 0.792800 0.207200
1127 0.000000 0.763000 0.237000
1240 0.000000 0.735800 0.264200
1364 0.000000 0.732900 0.267100
1500 0.000000 0.685700 0.314300
1650 0.000000 0.681900 0.318100
1815 0.000000 0.679700 0.320300
1996 0.000000 0.624100 0.375900
2196 0.000000 0.645500 0.354500
2415 0.000000 0.590400 0.409600
2657 0.000000 0.587800 0.412200
2922 0.000000 0.590300 0.409700
3215 0.000000 0.589000 0.411000
3536 0.000000 0.582700 0.417300
3889 0.000000 0.564400 0.435600
4278 0.000000 0.515500 0.484500
4706 0.000000 0.579300 0.420700
5177 0.000000 0.615800 0.384200
5694 0.000000 0.567100 0.432900
6264 0.000000 0.637900 0.362100
6890 0.000000 0.579200 0.420800
7579 0.000000 0.561700 0.438300
8337 0.000000 0.554900 0.445100
9170 0.000000 0.601200 0.398800
10087 0.000000 0.573700 0.426300
11096 0.000000 0.600700 0.399300
12206 0.000000 0.566700 0.433300
13426 0.000000 0.606000 0.394000
14769 0.000000 0.536800 0.463200
16246 0.000000 0.612400 0.387600
17870 0.000000 0.547300 0.452700
19657 0.000000 0.566300 0.433700
21623 0.000000 0.549800 0.450200
23785 0.000000 0.535800 0.464200
26163 0.000000 0.593400 0.406600
28780 0.000000 0.550200 0.449800
31658 0.000000 0.528400 0.471600
34823 0.000000 0.546700 0.453300
38306 0.000000 0.597700 0.402300
42136 0.000000 0.634800 0.365200
46350 0.000000 0.569500 0.430500
50985 0.000000 0.584100 0.415900
56083 0.000000 0.544800 0.455200
61691 0.000000 0.567300 0.432700
67860 0.000000 0.580200 0.419800
74646 0.000000 0.497500 0.502500
82111 0.000000 0.514900 0.485100
90322 0.000000 0.567900 0.432100
99354 0.000000 0.563800 0.436200
