0.010000 0.244400 0.501000 0.254600
1 0.244400 0.501000 0.254600
2 0.187400 0.630900 0.181700
3 0.154100 0.713800 0.132100
4 0.126000 0.770500 0.103500
5 0.107700 0.812200 0.080100
6 0.095000 0.844200 0.060800
7 0.085200 0.863700 0.051100
8 0.077700 0.876200 0.046100
9 0.071300 0.885000 0.043700
10 0.068100 0.891800 0.040100
11 0.065800 0.897500 0.036700
13 0.058000 0.904800 0.037200
14 0.057000 0.906700 0.036300
16 0.050400 0.916500 0.033100
17 0.049300 0.918400 0.032300
19 0.043700 0.923600 0.032700
21 0.038600 0.929300 0.032100
23 0.035500 0.931400 0.033100
25 0.032300 0.932300 0.035400
28 0.029800 0.937100 0.033100
31 0.028500 0.940100 0.031400
34 0.022600 0.946900 0.030500
37 0.023100 0.947600 0.029300
41 0.021800 0.949600 0.028600
45 0.018200 0.953300 0.028500
49 0.017900 0.957000 0.025100
54 0.016600 0.959800 0.023600
59 0.012600 0.962900 0.024500
65 0.009200 0.967500 0.023300
72 0.008100 0.966500 0.025400
79 0.006900 0.964300 0.028800
86 0.006800 0.960600 0.032600
95 0.003700 0.961600 0.034700
104 0.003100 0.958800 0.038100
115 0.000300 0.956300 0.043400
126 0.000000 0.949300 0.050700
139 0.000000 0.941700 0.058300
153 0.000000 0.932100 0.067900
168 0.000000 0.928800 0.071200
185 0.000000 0.927900 0.072100
203 0.000000 0.921300 0.078700
223 0.000000 0.920800 0.079200
246 0.000000 0.920500 0.079500
270 0.000000 0.909700 0.090300
297 0.000000 0.905900 0.094100
327 0.000000 0.903700 0.096300
359 0.000000 0.896300 0.103700
395 0.000000 0.887800 0.112200
435 0.000000 0.882500 0.117500
478 0.000000 0.874900 0.125100
526 0.000000 0.863600 0.136400
579 0.000000 0.850000 0.150000
636 0.000000 0.820400 0.179600
700 0.000000 0.820000 0.180000
770 0.000000 0.825300 0.174700
847 0.000000 0.786700 0.213300
931 0.000000 0.766300 0.233700
1025 0.000000 0.778600 0.221400
1127 0.000000 0.762600 0.237400
1240 0.000000 0.763800 0.236200
1364 0.000000 0.758300 0.241700
1500 0.000000 0.740400 0.259600
1650 0.000000 0.682400 0.317600
1815 0.000000 0.653200 0.346800
1996 0.000000 0.597000 0.403000
2196 0.000000 0.554500 0.445500
2415 0.000000 0.578000 0.422000
2657 0.000000 0.515500 0.484500
2922 0.000000 0.563200 0.436800
3215 0.000000 0.522500 0.477500
3536 0.000000 0.492700 0.507300
3889 0.000000 0.603100 0.396900
4278 0.000000 0.592700 0.407300
4706 0.000000 0.566900 0.433100
5177 0.000000 0.573900 0.426100
5694 0.000000 0.518400 0.481600
6264 0.000000 0.568400 0.431600
6890 0.000000 0.528100 0.471900
7579 0.000000 0.589200 0.410800
8337 0.000000 0.557400 0.442600
9170 0.000000 0.517300 0.482700
10087 0.000000 0.577300 0.422700
11096 0.000000 0.571800 0.428200
12206 0.000000 0.593400 0.406600
13426 0.000000 0.597200 0.402800
14769 0.000000 0.556100 0.443900
16246 0.000000 0.533900 0.466100
17870 0.000000 0.494000 0.506000
19657 0.000000 0.615100 0.384900
21623 0.000000 0.522800 0.477200
23785 0.000000 0.544600 0.455400
26163 0.000000 0.544600 0.455400
28780 0.000000 0.556100 0.443900
31658 0.000000 0.654300 0.345700
34823 0.000000 0.616300 0.383700
38306 0.000000 0.572500 0.427500
42136 0.000000 0.605700 0.394300
46350 0.000000 0.573800 0.426200
50985 0.000000 0.521100 0.478900
56083 0.000000 0.563900 0.436100
61691 0.000000 0.568700 0.431300
67860 0.000000 0.557200 0.442800
74646 0.000000 0.572500 0.427500
82111 0.000000 0.572300 0.427700
90322 0.000000 0.594000 0.406000
99354 0.000000 0.540800 0.459200
