0.010000 0.251700 0.499300 0.249000
1 0.251700 0.499300 0.249000
2 0.208100 0.622700 0.169200
3 0.164600 0.716500 0.118900
4 0.137800 0.774200 0.088000
5 0.117700 0.816100 0.066200
6 0.098700 0.845300 0.056000
7 0.086000 0.864900 0.049100
8 0.078400 0.878000 0.043600
9 0.071300 0.887400 0.041300
10 0.067600 0.896500 0.035900
11 0.063900 0.901200 0.034900
13 0.059400 0.907800 0.032800
14 0.058300 0.909300 0.032400
16 0.055800 0.912900 0.031300
17 0.053000 0.917200 0.029800
19 0.051500 0.921700 0.026800
21 0.046000 0.929200 0.024800
23 0.041400 0.933800 0.024800
25 0.039600 0.935300 0.025100
28 0.038400 0.935900 0.025700
31 0.033300 0.939300 0.027400
34 0.026000 0.943700 0.030300
37 0.021300 0.947200 0.031500
41 0.017500 0.948900 0.033600
45 0.017900 0.946700 0.035400
49 0.016000 0.952000 0.032000
54 0.013100 0.954400 0.032500
59 0.012300 0.956500 0.031200
65 0.008200 0.961400 0.030400
72 0.005400 0.959700 0.034900
79 0.003500 0.956200 0.040300
86 0.001000 0.953500 0.045500
95 0.001200 0.950200 0.048600
104 0.001200 0.941000 0.057800
115 0.000000 0.931700 0.068300
126 0.000000 0.922100 0.077900
139 0.000000 0.907900 0.092100
153 0.000000 0.892600 0.107400
168 0.000000 0.876500 0.123500
185 0.000000 0.853900 0.146100
203 0.000000 0.826500 0.173500
223 0.000000 0.781800 0.218200
246 0.000000 0.735600 0.264400
270 0.000000 0.678800 0.321200
297 0.000000 0.613000 0.387000
327 0.000000 0.540400 0.459600
359 0.000000 0.455900 0.544100
395 0.000000 0.379800 0.620200
435 0.000000 0.286000 0.714000
478 0.000000 0.189300 0.810700
526 0.000000 0.114300 0.885700
579 0.000000 0.067500 0.932500
636 0.000000 0.041200 0.958800
700 0.000000 0.034200 0.965800
770 0.000000 0.032300 0.967700
847 0.000000 0.037000 0.963000
931 0.000000 0.033900 0.966100
1025 0.000000 0.032100 0.967900
1127 0.000000 0.034500 0.965500
1240 0.000000 0.028100 0.971900
1364 0.000000 0.029800 0.970200
1500 0.000000 0.030400 0.969600
1650 0.000000 0.028800 0.971200
1815 0.000000 0.030600 0.969400
1996 0.000000 0.020100 0.979900
2196 0.000000 0.022000 0.978000
2415 0.000000 0.019100 0.980900
2657 0.000000 0.026900 0.973100
2922 0.000000 0.022100 0.977900
3215 0.000000 0.025100 0.974900
3536 0.000000 0.027700 0.972300
3889 0.000000 0.032600 0.967400
4278 0.000000 0.034400 0.965600
4706 0.000000 0.030300 0.969700
5177 0.000000 0.024700 0.975300
5694 0.000000 0.027900 0.972100
6264 0.000000 0.033300 0.966700
6890 0.000000 0.022100 0.977900
7579 0.000000 0.027800 0.972200
8337 0.000000 0.027600 0.972400
9170 0.000000 0.022400 0.977600
10087 0.000000 0.028500 0.971500
11096 0.000000 0.032800 0.967200
12206 0.000000 0.038300 0.961700
13426 0.000000 0.030100 0.969900
14769 0.000000 0.030100 0.969900
16246 0.000000 0.027000 0.973000
17870 0.000000 0.027100 0.972900
19657 0.000000 0.033600 0.966400
21623 0.000000 0.034400 0.965600
23785 0.000000 0.036500 0.963500
26163 0.000000 0.029600 0.970400
28780 0.000000 0.023000 0.977000
31658 0.000000 0.026100 0.973900
34823 0.000000 0.023900 0.976100
38306 0.000000 0.029300 0.970700
42136 0.000000 0.027500 0.972500
46350 0.000000 0.034100 0.965900
50985 0.000000 0.033000 0.967000
56083 0.000000 0.035400 0.964600
61691 0.000000 0.029400 0.970600
67860 0.000000 0.025800 0.974200
74646 0.000000 0.023500 0.976500
82111 0.000000 0.030000 0.970000
90322 0.000000 0.029500 0.970500
99354 0.000000 0.033700 0.966300
