0.010000 0.251800 0.493600 0.254600
1 0.251800 0.493600 0.254600
2 0.192800 0.633800 0.173400
3 0.160700 0.712900 0.126400
4 0.134600 0.770200 0.095200
5 0.115300 0.805500 0.079200
6 0.102600 0.831200 0.066200
7 0.094600 0.849200 0.056200
8 0.086200 0.866500 0.047300
9 0.079600 0.876700 0.043700
10 0.074200 0.887200 0.038600
11 0.069000 0.895500 0.035500
13 0.060900 0.909300 0.029800
14 0.057200 0.911600 0.031200
16 0.058200 0.914600 0.027200
17 0.053200 0.921000 0.025800
19 0.047700 0.927900 0.024400
21 0.043100 0.933100 0.023800
23 0.041100 0.934900 0.024000
25 0.035200 0.942700 0.022100
28 0.032300 0.945700 0.022000
31 0.026100 0.952100 0.021800
34 0.022000 0.955500 0.022500
37 0.019900 0.957200 0.022900
41 0.020500 0.955800 0.023700
45 0.020500 0.955400 0.024100
49 0.015700 0.960800 0.023500
54 0.013000 0.960200 0.026800
59 0.011100 0.961100 0.027800
65 0.009000 0.960300 0.030700
72 0.006400 0.958800 0.034800
79 0.005100 0.957100 0.037800
86 0.003600 0.952800 0.043600
95 0.000800 0.946100 0.053100
104 0.000000 0.935800 0.064200
115 0.000000 0.922700 0.077300
126 0.000000 0.910200 0.089800
139 0.000000 0.898300 0.101700
153 0.000000 0.880400 0.119600
168 0.000000 0.857900 0.142100
185 0.000000 0.833000 0.167000
203 0.000000 0.807400 0.192600
223 0.000000 0.774500 0.225500
246 0.000000 0.718700 0.281300
270 0.000000 0.668100 0.331900
297 0.000000 0.607800 0.392200
327 0.000000 0.529200 0.470800
359 0.000000 0.469800 0.530200
395 0.000000 0.399800 0.600200
435 0.000000 0.329200 0.670800
478 0.000000 0.258000 0.742000
526 0.000000 0.191600 0.808400
579 0.000000 0.146800 0.853200
636 0.000000 0.102500 0.897500
700 0.000000 0.055700 0.944300
770 0.000000 0.033100 0.966900
847 0.000000 0.028300 0.971700
931 0.000000 0.027000 0.973000
1025 0.000000 0.031800 0.968200
1127 0.000000 0.025300 0.974700
1240 0.000000 0.026900 0.973100
1364 0.000000 0.028500 0.971500
1500 0.000000 0.030700 0.969300
1650 0.000000 0.032100 0.967900
1815 0.000000 0.026100 0.973900
1996 0.000000 0.026000 0.974000
2196 0.000000 0.031000 0.969000
2415 0.000000 0.025500 0.974500
2657 0.000000 0.027200 0.972800
2922 0.000000 0.031700 0.968300
3215 0.000000 0.028900 0.971100
3536 0.000000 0.036600 0.963400
3889 0.000000 0.032700 0.967300
4278 0.000000 0.032000 0.968000
4706 0.000000 0.038200 0.961800
5177 0.000000 0.031400 0.968600
5694 0.000000 0.025100 0.974900
6264 0.000000 0.033200 0.966800
6890 0.000000 0.028700 0.971300
7579 0.000000 0.023600 0.976400
8337 0.000000 0.028900 0.971100
9170 0.000000 0.024700 0.975300
10087 0.000000 0.030900 0.969100
11096 0.000000 0.036000 0.964000
12206 0.000000 0.032000 0.968000
13426 0.000000 0.028200 0.971800
14769 0.000000 0.033100 0.966900
16246 0.000000 0.035100 0.964900
17870 0.000000 0.027200 0.972800
19657 0.000000 0.027400 0.972600
21623 0.000000 0.033900 0.966100
23785 0.000000 0.032200 0.967800
26163 0.000000 0.030000 0.970000
28780 0.000000 0.033300 0.966700
31658 0.000000 0.027400 0.972600
34823 0.000000 0.027500 0.972500
38306 0.000000 0.032800 0.967200
42136 0.000000 0.026700 0.973300
46350 0.000000 0.033800 0.966200
50985 0.000000 0.032900 0.967100
56083 0.000000 0.031600 0.968400
61691 0.000000 0.031900 0.968100
67860 0.000000 0.026100 0.973900
74646 0.000000 0.025600 0.974400
82111 0.000000 0.031900 0.968100
90322 0.000000 0.035900 0.964100
99354 0.000000 0.023100 0.976900
