0.010000 0.253800 0.501100 0.245100
1 0.253800 0.501100 0.245100
2 0.195000 0.636400 0.168600
3 0.155100 0.724200 0.120700
4 0.124400 0.782900 0.092700
5 0.106000 0.824900 0.069100
6 0.094100 0.852100 0.053800
7 0.082100 0.872000 0.045900
8 0.072200 0.888100 0.039700
9 0.063900 0.900000 0.036100
10 0.059900 0.905500 0.034600
11 0.053000 0.914600 0.032400
13 0.046100 0.925900 0.028000
14 0.043600 0.929400 0.027000
16 0.037300 0.939500 0.023200
17 0.034800 0.942800 0.022400
19 0.029700 0.948400 0.021900
21 0.024600 0.952100 0.023300
23 0.022500 0.954200 0.023300
25 0.021400 0.956400 0.022200
28 0.019200 0.959900 0.020900
31 0.016300 0.964500 0.019200
34 0.013500 0.968600 0.017900
37 0.011300 0.968900 0.019800
41 0.008300 0.971800 0.019900
45 0.007400 0.972800 0.019800
49 0.005300 0.978800 0.015900
54 0.004900 0.979000 0.016100
59 0.003400 0.980200 0.016400
65 0.003000 0.981500 0.015500
72 0.002400 0.981700 0.015900
79 0.001900 0.982100 0.016000
86 0.001500 0.981000 0.017500
95 0.001400 0.980500 0.018100
104 0.001400 0.978200 0.020400
115 0.000100 0.976700 0.023200
126 0.000000 0.971800 0.028200
139 0.000000 0.972200 0.027800
153 0.000000 0.969700 0.030300
168 0.000000 0.968000 0.032000
185 0.000000 0.964600 0.035400
203 0.000000 0.962800 0.037200
223 0.000000 0.964200 0.035800
246 0.000000 0.959300 0.040700
270 0.000000 0.954600 0.045400
297 0.000000 0.948800 0.051200
327 0.000000 0.943500 0.056500
359 0.000000 0.939400 0.060600
395 0.000000 0.926500 0.073500
435 0.000000 0.916300 0.083700
478 0.000000 0.903300 0.096700
526 0.000000 0.880400 0.119600
579 0.000000 0.864700 0.135300
636 0.000000 0.829500 0.170500
700 0.000000 0.813800 0.186200
770 0.000000 0.820400 0.179600
847 0.000000 0.811000 0.189000
931 0.000000 0.768100 0.231900
1025 0.000000 0.745000 0.255000
1127 0.000000 0.724000 0.276000
1240 0.000000 0.699900 0.300100
1364 0.000000 0.661000 0.339000
1500 0.000000 0.648900 0.351100
1650 0.000000 0.701600 0.298400
1815 0.000000 0.629400 0.370600
1996 0.000000 0.602800 0.397200
2196 0.000000 0.568200 0.431800
2415 0.000000 0.578100 0.421900
2657 0.000000 0.550800 0.449200
2922 0.000000 0.600200 0.399800
3215 0.000000 0.583400 0.416600
3536 0.000000 0.567600 0.432400
3889 0.000000 0.571400 0.428600
4278 0.000000 0.538300 0.461700
4706 0.000000 0.529300 0.470700
5177 0.000000 0.558500 0.441500
5694 0.000000 0.555100 0.444900
6264 0.000000 0.566600 0.433400
6890 0.000000 0.545800 0.454200
7579 0.000000 0.564100 0.435900
8337 0.000000 0.583800 0.416200
9170 0.000000 0.620400 0.379600
10087 0.000000 0.591700 0.408300
11096 0.000000 0.566500 0.433500
12206 0.000000 0.542000 0.458000
13426 0.000000 0.561700 0.438300
14769 0.000000 0.601000 0.399000
16246 0.000000 0.618000 0.382000
17870 0.000000 0.569000 0.431000
19657 0.000000 0.556600 0.443400
21623 0.000000 0.532700 0.467300
23785 0.000000 0.581100 0.418900
26163 0.000000 0.620200 0.379800
28780 0.000000 0.585200 0.414800
31658 0.000000 0.501700 0.498300
34823 0.000000 0.580300 0.419700
38306 0.000000 0.617700 0.382300
42136 0.000000 0.591300 0.408700
46350 0.000000 0.554300 0.445700
50985 0.000000 0.585100 0.414900
56083 0.000000 0.581900 0.418100
61691 0.000000 0.559800 0.440200
67860 0.000000 0.596700 0.403300
74646 0.000000 0.584700 0.415300
82111 0.000000 0.541700 0.458300
90322 0.000000 0.621200 0.378800
99354 0.000000 0.567200 0.432800
