0.000000 0.000000 0.000000 1.000000 0.000000 10.000000
0.100000 0.000000 0.000000 1.000000 0.000000 10.000000
0.200000 0.000000 0.000000 1.000000 0.000000 10.000000
0.300000 0.000000 0.000000 1.000000 0.000000 10.000000
0.400000 0.000000 0.000000 1.000000 0.000000 10.000000
0.500000 0.000000 0.000000 1.000000 0.000000 10.000000
0.600000 0.000000 0.000000 1.000000 0.000000 10.000000
0.700000 0.000000 0.000000 1.000000 0.000000 10.000000
0.800000 0.000000 0.000000 1.000000 0.000000 10.000000
0.900000 0.000000 0.000000 1.000000 0.000000 10.000000
1.000000 0.000000 0.000000 1.000000 0.000000 10.000000
1.100000 0.000000 0.000000 1.000000 0.000000 10.000000
1.200000 0.000000 0.000000 1.000000 0.000000 10.000000
1.300000 0.000000 0.000000 1.000000 0.000000 10.000000
1.400000 0.000000 0.000000 1.000000 0.000000 10.000000
1.500000 0.000000 0.000000 1.000000 0.000000 10.000000
1.600000 0.000000 0.000000 1.000000 0.000000 10.000000
1.700000 0.000000 0.000000 1.000000 0.000000 10.000000
1.800000 0.000000 0.000000 1.000000 0.000000 10.000000
1.900000 0.000000 0.000000 1.000000 0.000000 10.000000
2.000000 0.000000 0.000000 1.000000 0.000000 10.000000
2.100000 0.000000 0.000000 1.000000 0.000000 10.000000
2.200000 0.000000 0.000000 1.000000 0.000000 10.000000
2.300000 0.000000 0.000000 1.000000 0.000000 10.000000
2.400000 0.000000 0.000000 1.000000 0.000000 10.000000
2.500000 0.000000 0.000000 1.000000 0.000000 10.000000
2.600000 0.000000 0.000000 1.000000 0.000000 10.000000
2.700000 0.000000 0.000000 1.000000 0.000000 10.000000
2.800000 0.000000 0.000000 1.000000 0.000000 10.000000
2.900000 0.000000 0.000000 1.000000 0.000000 10.000000
3.000000 0.000000 0.000000 1.000000 0.000000 10.000000
3.100000 0.000000 0.000000 1.000000 0.000000 10.000000
3.200000 0.000000 0.000000 1.000000 0.000000 10.000000
3.300000 0.000000 0.000000 1.000000 0.000000 10.000000
3.400000 0.000000 0.000000 1.000000 0.000000 10.000000
3.500000 0.000000 0.000000 1.000000 0.000000 10.000000
3.600000 0.000000 0.000000 1.000000 0.000000 10.000000
3.700000 0.000000 0.000000 1.000000 0.000000 10.000000
3.800000 0.000000 0.000000 1.000000 0.000000 10.000000
3.900000 0.000000 0.183422 0.669784 0.146794 10.000000
4.000000 0.000000 0.303991 0.497616 0.198392 10.000000
4.100000 0.000000 0.305049 0.340012 0.354939 10.000000
4.200000 0.000000 0.603213 0.195438 0.201350 10.000000
4.300000 0.000000 0.434321 0.101555 0.464124 10.000000
4.400000 0.000000 0.384544 0.054636 0.560820 10.000000
4.500000 0.000000 0.475826 0.031375 0.492799 10.000000
4.600000 0.000000 0.446032 0.019390 0.534578 10.000000
4.700000 0.000000 0.294715 0.012545 0.692740 10.000000
4.800000 0.000000 0.528871 0.008270 0.462859 10.000000
4.900000 0.000000 0.469391 0.005704 0.524905 10.000000
5.000000 0.000000 0.527200 0.004135 0.468665 10.000000
5.100000 0.000000 0.415614 0.003056 0.581330 10.000000
5.200000 0.000000 0.805541 0.002144 0.192315 10.000000
5.300000 0.000000 0.409870 0.001366 0.588764 10.000000
5.400000 0.000000 0.571477 0.001131 0.427391 10.000000
5.500000 0.000000 0.569409 0.000641 0.429950 10.000000
5.600000 0.000000 0.565276 0.000535 0.434189 10.000000
5.700000 0.000000 0.459727 0.000281 0.539991 10.000000
5.800000 0.000000 0.434896 0.000210 0.564894 10.000000
5.900000 0.000000 0.563804 0.000174 0.436023 10.000000
6.000000 0.000000 0.456111 0.000129 0.543760 10.000000
6.100000 0.000000 0.546215 0.000110 0.453675 10.000000
6.200000 0.000000 0.634587 0.000090 0.365322 10.000000
6.300000 0.000000 0.679307 0.000103 0.320590 10.000000
6.400000 0.000000 0.498690 0.000064 0.501246 10.000000
6.500000 0.000000 0.609624 0.000083 0.390294 10.000000
