0.000000 0.000000 0.000000 1.000000 0.000000 10.000000
0.100000 0.000000 0.000000 1.000000 0.000000 10.000000
0.200000 0.000000 0.000000 1.000000 0.000000 10.000000
0.300000 0.000000 0.000000 1.000000 0.000000 10.000000
0.400000 0.000000 0.000000 1.000000 0.000000 10.000000
0.500000 0.000000 0.000000 1.000000 0.000000 10.000000
0.600000 0.000000 0.000000 1.000000 0.000000 10.000000
0.700000 0.000000 0.000000 1.000000 0.000000 10.000000
0.800000 0.000000 0.000000 1.000000 0.000000 10.000000
0.900000 0.000000 0.000000 1.000000 0.000000 10.000000
1.000000 0.000000 0.000000 1.000000 0.000000 10.000000
1.100000 0.000000 0.000000 1.000000 0.000000 10.000000
1.200000 0.000000 0.000000 1.000000 0.000000 10.000000
1.300000 0.000000 0.000000 1.000000 0.000000 10.000000
1.400000 0.000000 0.000000 1.000000 0.000000 10.000000
1.500000 0.000000 0.000000 1.000000 0.000000 10.000000
1.600000 0.000000 0.000000 1.000000 0.000000 10.000000
1.700000 0.000000 0.000000 1.000000 0.000000 10.000000
1.800000 0.000000 0.000000 1.000000 0.000000 10.000000
1.900000 0.000000 0.000000 1.000000 0.000000 10.000000
2.000000 0.000000 0.000000 1.000000 0.000000 10.000000
2.100000 0.000000 0.000000 1.000000 0.000000 10.000000
2.200000 0.000000 0.000000 1.000000 0.000000 10.000000
2.300000 0.000000 0.000000 1.000000 0.000000 10.000000
2.400000 0.000000 0.000000 1.000000 0.000000 10.000000
2.500000 0.000000 0.000000 1.000000 0.000000 10.000000
2.600000 0.000000 0.000000 1.000000 0.000000 10.000000
2.700000 0.000000 0.000000 1.000000 0.000000 10.000000
2.800000 0.000000 0.000000 1.000000 0.000000 10.000000
2.900000 0.000000 0.000000 1.000000 0.000000 10.000000
3.000000 0.000000 0.000000 1.000000 0.000000 10.000000
3.100000 0.000000 0.000000 1.000000 0.000000 10.000000
3.200000 0.000000 0.000000 1.000000 0.000000 10.000000
3.300000 0.000000 0.000000 1.000000 0.000000 10.000000
3.400000 0.000000 0.000000 1.000000 0.000000 10.000000
3.500000 0.000000 0.000000 1.000000 0.000000 10.000000
3.600000 0.000000 0.000000 1.000000 0.000000 10.000000
3.700000 0.000000 0.000000 1.000000 0.000000 10.000000
3.800000 0.000000 0.000000 1.000000 0.000000 10.000000
3.900000 0.000000 0.000000 1.000000 0.000000 10.000000
4.000000 0.000000 0.000000 1.000000 0.000000 10.000000
4.100000 0.000000 0.000000 1.000000 0.000000 10.000000
4.200000 0.000000 0.000000 1.000000 0.000000 10.000000
4.300000 0.000000 0.000000 1.000000 0.000000 10.000000
4.400000 0.000000 0.000000 1.000000 0.000000 10.000000
4.500000 0.000000 0.000000 1.000000 0.000000 10.000000
4.600000 0.000000 0.000000 1.000000 0.000000 10.000000
4.700000 0.000000 0.000000 1.000000 0.000000 10.000000
4.800000 0.000000 0.000000 1.000000 0.000000 10.000000
4.900000 0.000000 0.000000 1.000000 0.000000 10.000000
5.000000 0.000000 0.000000 0.975478 0.024522 10.000000
5.100000 0.000000 0.000000 0.876856 0.123144 10.000000
5.200000 0.000000 0.000000 0.838006 0.161994 10.000000
5.300000 0.000000 0.000000 0.822291 0.177709 10.000000
5.400000 0.000000 0.000000 0.794044 0.205956 10.000000
5.500000 0.000000 0.000000 0.771106 0.228894 10.000000
5.600000 0.000000 0.000000 0.746297 0.253703 10.000000
5.700000 0.000000 0.000000 0.728066 0.271934 10.000000
5.800000 0.000000 0.000000 0.699625 0.300375 10.000000
5.900000 0.000000 0.000000 0.677328 0.322672 10.000000
6.000000 0.000000 0.000000 0.650938 0.349062 10.000000
6.100000 0.000000 0.000000 0.624297 0.375703 10.000000
6.200000 0.000000 0.000000 0.592866 0.407134 10.000000
6.300000 0.000000 0.000000 0.560325 0.439675 10.000000
6.400000 0.000000 0.000000 0.522450 0.477550 10.000000
6.500000 0.000000 0.000000 0.487128 0.512872 10.000000
6.600000 0.000000 0.000000 0.452866 0.547134 10.000000
6.700000 0.000000 0.000000 0.410456 0.589544 10.000000
6.800000 0.000000 0.000000 0.369034 0.630966 10.000000
6.900000 0.000000 0.000000 0.324553 0.675447 10.000000
7.000000 0.000000 0.000000 0.280353 0.719647 10.000000
7.100000 0.000000 0.000000 0.237616 0.762384 10.000000
7.200000 0.000000 0.000000 0.197609 0.802391 10.000000
7.300000 0.000000 0.000000 0.161931 0.838069 10.000000
7.400000 0.000000 0.000000 0.130016 0.869984 10.000000
7.500000 0.000000 0.000000 0.100422 0.899578 10.000000
7.600000 0.000000 0.000000 0.077513 0.922488 10.000000
7.700000 0.000000 0.000000 0.059275 0.940725 10.000000
7.800000 0.000000 0.000000 0.045800 0.954200 10.000000
7.900000 0.000000 0.000000 0.036313 0.963688 10.000000
8.000000 0.000000 0.000000 0.027972 0.972028 10.000000
8.100000 0.000000 0.000000 0.021494 0.978506 10.000000
8.200000 0.000000 0.000000 0.017419 0.982581 10.000000
8.300000 0.000000 0.000000 0.014369 0.985631 10.000000
8.400000 0.000000 0.000000 0.010984 0.989016 10.000000
8.500000 0.000000 0.000000 0.009578 0.990422 10.000000
8.600000 0.000000 0.000000 0.007234 0.992766 10.000000
8.700000 0.000000 0.000000 0.006103 0.993897 10.000000
8.800000 0.000000 0.000000 0.005278 0.994722 10.000000
8.900000 0.000000 0.000000 0.004313 0.995688 10.000000
9.000000 0.000000 0.000000 0.003600 0.996400 10.000000
9.100000 0.000000 0.000000 0.000372 0.999628 10.000000
9.200000 0.000000 0.000000 0.000216 0.999784 10.000000
9.300000 0.000000 0.000000 0.000475 0.999525 10.000000
9.400000 0.000000 0.000000 0.000356 0.999644 10.000000
9.500000 0.000000 0.000000 0.000288 0.999713 10.000000
9.600000 0.000000 0.000000 0.000328 0.999672 10.000000
9.700000 0.000000 0.000000 0.000450 0.999550 10.000000
9.800000 0.000000 0.000000 0.000181 0.999819 10.000000
9.900000 0.000000 0.000000 0.000309 0.999691 10.000000
