0.000000 0.000000 0.000000 1.000000 0.000000 10.000000
0.100000 0.000000 0.000000 1.000000 0.000000 10.000000
0.200000 0.000000 0.000000 1.000000 0.000000 10.000000
0.300000 0.000000 0.000000 1.000000 0.000000 10.000000
0.400000 0.000000 0.000000 1.000000 0.000000 10.000000
0.500000 0.000000 0.000000 1.000000 0.000000 10.000000
0.600000 0.000000 0.000000 1.000000 0.000000 10.000000
0.700000 0.000000 0.000000 1.000000 0.000000 10.000000
0.800000 0.000000 0.000000 1.000000 0.000000 10.000000
0.900000 0.000000 0.000000 1.000000 0.000000 10.000000
1.000000 0.000000 0.000000 1.000000 0.000000 10.000000
1.100000 0.000000 0.000000 1.000000 0.000000 10.000000
1.200000 0.000000 0.000000 1.000000 0.000000 10.000000
1.300000 0.000000 0.000000 1.000000 0.000000 10.000000
1.400000 0.000000 0.000000 1.000000 0.000000 10.000000
1.500000 0.000000 0.000000 1.000000 0.000000 10.000000
1.600000 0.000000 0.000000 1.000000 0.000000 10.000000
1.700000 0.000000 0.000000 1.000000 0.000000 10.000000
1.800000 0.000000 0.000000 1.000000 0.000000 10.000000
1.900000 0.000000 0.000000 1.000000 0.000000 10.000000
2.000000 0.000000 0.000000 1.000000 0.000000 10.000000
2.100000 0.000000 0.000000 1.000000 0.000000 10.000000
2.200000 0.000000 0.000000 1.000000 0.000000 10.000000
2.300000 0.000000 0.000000 1.000000 0.000000 10.000000
2.400000 0.000000 0.000000 1.000000 0.000000 10.000000
2.500000 0.000000 0.000000 1.000000 0.000000 10.000000
2.600000 0.000000 0.000000 1.000000 0.000000 10.000000
2.700000 0.000000 0.000000 1.000000 0.000000 10.000000
2.800000 0.000000 0.000000 1.000000 0.000000 10.000000
2.900000 0.000000 0.000000 1.000000 0.000000 10.000000
3.000000 0.000000 0.000000 1.000000 0.000000 10.000000
3.100000 0.000000 0.000000 1.000000 0.000000 10.000000
3.200000 0.000000 0.000000 1.000000 0.000000 10.000000
3.300000 0.000000 0.000000 1.000000 0.000000 10.000000
3.400000 0.000000 0.000000 1.000000 0.000000 10.000000
3.500000 0.000000 0.000000 1.000000 0.000000 10.000000
3.600000 0.000000 0.000000 1.000000 0.000000 10.000000
3.700000 0.000000 0.000000 1.000000 0.000000 10.000000
3.800000 0.000000 0.000000 1.000000 0.000000 10.000000
3.900000 0.000000 0.000000 1.000000 0.000000 10.000000
4.000000 0.000000 0.000000 1.000000 0.000000 10.000000
4.100000 0.000000 0.000000 1.000000 0.000000 10.000000
4.200000 0.000000 0.000000 1.000000 0.000000 10.000000
4.300000 0.000000 0.000000 1.000000 0.000000 10.000000
4.400000 0.000000 0.000000 1.000000 0.000000 10.000000
4.500000 0.000000 0.000000 1.000000 0.000000 10.000000
4.600000 0.000000 0.000000 1.000000 0.000000 10.000000
4.700000 0.000000 0.000000 1.000000 0.000000 10.000000
4.800000 0.000000 0.000000 1.000000 0.000000 10.000000
4.900000 0.000000 0.000000 1.000000 0.000000 10.000000
5.000000 0.000000 0.000000 1.000000 0.000000 10.000000
5.100000 0.000000 0.000000 1.000000 0.000000 10.000000
5.200000 0.000000 0.000000 1.000000 0.000000 10.000000
5.300000 0.000000 0.000000 1.000000 0.000000 10.000000
5.400000 0.000000 0.000000 0.867568 0.132433 10.000000
5.500000 0.000000 0.000000 0.829020 0.170980 10.000000
5.600000 0.000000 0.000000 0.797630 0.202370 10.000000
5.700000 0.000000 0.000000 0.774067 0.225933 10.000000
5.800000 0.000000 0.000000 0.754293 0.245708 10.000000
5.900000 0.000000 0.000000 0.736672 0.263328 10.000000
6.000000 0.000000 0.000000 0.718348 0.281652 10.000000
6.100000 0.000000 0.000000 0.709685 0.290315 10.000000
6.200000 0.000000 0.000000 0.699085 0.300915 10.000000
6.300000 0.000000 0.000000 0.693673 0.306327 10.000000
6.400000 0.000000 0.000000 0.684295 0.315705 10.000000
6.500000 0.000000 0.000000 0.673015 0.326985 10.000000
6.600000 0.000000 0.000000 0.664160 0.335840 10.000000
6.700000 0.000000 0.000000 0.658217 0.341782 10.000000
6.800000 0.000000 0.000000 0.649057 0.350942 10.000000
6.900000 0.000000 0.000000 0.640005 0.359995 10.000000
7.000000 0.000000 0.000000 0.630305 0.369695 10.000000
7.100000 0.000000 0.000000 0.615857 0.384142 10.000000
7.200000 0.000000 0.000000 0.608160 0.391840 10.000000
7.300000 0.000000 0.000000 0.598115 0.401885 10.000000
7.400000 0.000000 0.000000 0.582253 0.417748 10.000000
7.500000 0.000000 0.000000 0.566453 0.433547 10.000000
7.600000 0.000000 0.000000 0.557273 0.442727 10.000000
7.700000 0.000000 0.000000 0.541050 0.458950 10.000000
7.800000 0.000000 0.000000 0.525987 0.474013 10.000000
7.900000 0.000000 0.000000 0.507607 0.492392 10.000000
8.000000 0.000000 0.000000 0.488225 0.511775 10.000000
8.100000 0.000000 0.000000 0.463507 0.536493 10.000000
8.200000 0.000000 0.000000 0.443345 0.556655 10.000000
8.300000 0.000000 0.000000 0.420555 0.579445 10.000000
8.400000 0.000000 0.000000 0.391780 0.608220 10.000000
8.500000 0.000000 0.000000 0.368150 0.631850 10.000000
8.600000 0.000000 0.000000 0.338020 0.661980 10.000000
8.700000 0.000000 0.000000 0.311330 0.688670 10.000000
8.800000 0.000000 0.000000 0.282452 0.717548 10.000000
8.900000 0.000000 0.000000 0.252928 0.747073 10.000000
9.000000 0.000000 0.000000 0.226120 0.773880 10.000000
9.100000 0.000000 0.000000 0.198788 0.801213 10.000000
9.200000 0.000000 0.000000 0.171042 0.828957 10.000000
9.300000 0.000000 0.000000 0.148047 0.851953 10.000000
9.400000 0.000000 0.000000 0.127245 0.872755 10.000000
9.500000 0.000000 0.000000 0.106345 0.893655 10.000000
9.600000 0.000000 0.000000 0.089610 0.910390 10.000000
9.700000 0.000000 0.000000 0.073540 0.926460 10.000000
9.800000 0.000000 0.000000 0.061495 0.938505 10.000000
9.900000 0.000000 0.000000 0.049735 0.950265 10.000000
10.000000 0.000000 0.000000 0.041010 0.958990 10.000000
10.100000 0.000000 0.000000 0.034695 0.965305 10.000000
10.200000 0.000000 0.000000 0.027633 0.972368 10.000000
10.300000 0.000000 0.000000 0.022298 0.977703 10.000000
10.400000 0.000000 0.000000 0.020125 0.979875 10.000000
10.500000 0.000000 0.000000 0.016358 0.983642 10.000000
10.600000 0.000000 0.000000 0.013615 0.986385 10.000000
10.700000 0.000000 0.000000 0.011613 0.988387 10.000000
10.800000 0.000000 0.000000 0.010000 0.990000 10.000000
10.900000 0.000000 0.000000 0.008608 0.991392 10.000000
11.000000 0.000000 0.000000 0.007358 0.992642 10.000000
11.100000 0.000000 0.000000 0.006398 0.993603 10.000000
11.200000 0.000000 0.000000 0.005475 0.994525 10.000000
11.300000 0.000000 0.000000 0.004510 0.995490 10.000000
11.400000 0.000000 0.000000 0.004205 0.995795 10.000000
11.500000 0.000000 0.000000 0.003710 0.996290 10.000000
11.600000 0.000000 0.000000 0.003110 0.996890 10.000000
11.700000 0.000000 0.000000 0.002690 0.997310 10.000000
11.800000 0.000000 0.000000 0.002487 0.997512 10.000000
11.900000 0.000000 0.000000 0.002205 0.997795 10.000000
12.000000 0.000000 0.000000 0.001808 0.998193 10.000000
12.100000 0.000000 0.000000 0.001603 0.998397 10.000000
12.200000 0.000000 0.000000 0.001380 0.998620 10.000000
12.300000 0.000000 0.000000 0.001185 0.998815 10.000000
12.400000 0.000000 0.000000 0.001053 0.998948 10.000000
12.500000 0.000000 0.000000 0.001053 0.998948 10.000000
12.600000 0.000000 0.000000 0.000838 0.999163 10.000000
12.700000 0.000000 0.000000 0.000640 0.999360 10.000000
12.800000 0.000000 0.000000 0.000550 0.999450 10.000000
12.900000 0.000000 0.000000 0.000600 0.999400 10.000000
13.000000 0.000000 0.000000 0.000595 0.999405 10.000000
