0.000000 0.000000 0.000000 1.000000 0.000000 10.000000
0.100000 0.000000 0.000000 1.000000 0.000000 10.000000
0.200000 0.000000 0.000000 1.000000 0.000000 10.000000
0.300000 0.000000 0.000000 1.000000 0.000000 10.000000
0.400000 0.000000 0.000000 1.000000 0.000000 10.000000
0.500000 0.000000 0.000000 1.000000 0.000000 10.000000
0.600000 0.000000 0.000000 1.000000 0.000000 10.000000
0.700000 0.000000 0.000000 1.000000 0.000000 10.000000
0.800000 0.000000 0.000000 1.000000 0.000000 10.000000
0.900000 0.000000 0.000000 1.000000 0.000000 10.000000
1.000000 0.000000 0.000000 1.000000 0.000000 10.000000
1.100000 0.000000 0.000000 1.000000 0.000000 10.000000
1.200000 0.000000 0.000000 1.000000 0.000000 10.000000
1.300000 0.000000 0.000000 1.000000 0.000000 10.000000
1.400000 0.000000 0.000000 1.000000 0.000000 10.000000
1.500000 0.000000 0.000000 1.000000 0.000000 10.000000
1.600000 0.000000 0.000000 1.000000 0.000000 10.000000
1.700000 0.000000 0.000000 1.000000 0.000000 10.000000
1.800000 0.000000 0.000000 1.000000 0.000000 10.000000
1.900000 0.000000 0.000000 1.000000 0.000000 10.000000
2.000000 0.000000 0.000000 1.000000 0.000000 10.000000
2.100000 0.000000 0.000000 1.000000 0.000000 10.000000
2.200000 0.000000 0.000000 1.000000 0.000000 10.000000
2.300000 0.000000 0.000000 1.000000 0.000000 10.000000
2.400000 0.000000 0.000000 1.000000 0.000000 10.000000
2.500000 0.000000 0.000000 1.000000 0.000000 10.000000
2.600000 0.000000 0.000000 1.000000 0.000000 10.000000
2.700000 0.000000 0.000000 1.000000 0.000000 10.000000
2.800000 0.000000 0.000000 1.000000 0.000000 10.000000
2.900000 0.000000 0.000000 1.000000 0.000000 10.000000
3.000000 0.000000 0.000000 1.000000 0.000000 10.000000
3.100000 0.000000 0.000000 1.000000 0.000000 10.000000
3.200000 0.000000 0.000000 1.000000 0.000000 10.000000
3.300000 0.000000 0.000000 1.000000 0.000000 10.000000
3.400000 0.000000 0.000000 1.000000 0.000000 10.000000
3.500000 0.000000 0.000000 1.000000 0.000000 10.000000
3.600000 0.000000 0.000000 1.000000 0.000000 10.000000
3.700000 0.000000 0.000000 1.000000 0.000000 10.000000
3.800000 0.000000 0.000000 1.000000 0.000000 10.000000
3.900000 0.000000 0.000000 1.000000 0.000000 10.000000
4.000000 0.000000 0.000000 1.000000 0.000000 10.000000
4.100000 0.000000 0.000000 1.000000 0.000000 10.000000
4.200000 0.000000 0.000000 0.974880 0.025120 10.000000
4.300000 0.000000 0.000000 0.745040 0.254960 10.000000
4.400000 0.000000 0.000000 0.673833 0.326167 10.000000
4.500000 0.000000 0.000000 0.630977 0.369023 10.000000
4.600000 0.000000 0.000000 0.608695 0.391305 10.000000
4.700000 0.000000 0.000000 0.584263 0.415737 10.000000
4.800000 0.000000 0.000000 0.566262 0.433737 10.000000
4.900000 0.000000 0.000000 0.559030 0.440970 10.000000
5.000000 0.000000 0.000000 0.545797 0.454203 10.000000
5.100000 0.000000 0.000000 0.536678 0.463323 10.000000
5.200000 0.000000 0.000000 0.523820 0.476180 10.000000
5.300000 0.000000 0.000000 0.516652 0.483347 10.000000
5.400000 0.000000 0.000000 0.515000 0.485000 10.000000
5.500000 0.000000 0.000000 0.502075 0.497925 10.000000
5.600000 0.000000 0.000000 0.492472 0.507528 10.000000
5.700000 0.000000 0.000000 0.483375 0.516625 10.000000
5.800000 0.000000 0.000000 0.469135 0.530865 10.000000
5.900000 0.000000 0.000000 0.459323 0.540677 10.000000
6.000000 0.000000 0.000000 0.444190 0.555810 10.000000
6.100000 0.000000 0.000000 0.426668 0.573333 10.000000
6.200000 0.000000 0.000000 0.413575 0.586425 10.000000
6.300000 0.000000 0.000000 0.393132 0.606868 10.000000
6.400000 0.000000 0.000000 0.371210 0.628790 10.000000
6.500000 0.000000 0.000000 0.347215 0.652785 10.000000
6.600000 0.000000 0.000000 0.319367 0.680632 10.000000
6.700000 0.000000 0.000000 0.291663 0.708337 10.000000
6.800000 0.000000 0.000000 0.262170 0.737830 10.000000
6.900000 0.000000 0.000000 0.227133 0.772868 10.000000
7.000000 0.000000 0.000000 0.195883 0.804117 10.000000
7.100000 0.000000 0.000000 0.165045 0.834955 10.000000
7.200000 0.000000 0.000000 0.133142 0.866858 10.000000
7.300000 0.000000 0.000000 0.109102 0.890898 10.000000
7.400000 0.000000 0.000000 0.086358 0.913642 10.000000
7.500000 0.000000 0.000000 0.070267 0.929732 10.000000
7.600000 0.000000 0.000000 0.055273 0.944727 10.000000
7.700000 0.000000 0.000000 0.044527 0.955472 10.000000
7.800000 0.000000 0.000000 0.035242 0.964757 10.000000
7.900000 0.000000 0.000000 0.029855 0.970145 10.000000
8.000000 0.000000 0.000000 0.023275 0.976725 10.000000
8.100000 0.000000 0.000000 0.019470 0.980530 10.000000
8.200000 0.000000 0.000000 0.015890 0.984110 10.000000
8.300000 0.000000 0.000000 0.013708 0.986293 10.000000
8.400000 0.000000 0.000000 0.011065 0.988935 10.000000
8.500000 0.000000 0.000000 0.009425 0.990575 10.000000
8.600000 0.000000 0.000000 0.007772 0.992228 10.000000
8.700000 0.000000 0.000000 0.006875 0.993125 10.000000
8.800000 0.000000 0.000000 0.005715 0.994285 10.000000
8.900000 0.000000 0.000000 0.004915 0.995085 10.000000
9.000000 0.000000 0.000000 0.004157 0.995842 10.000000
9.100000 0.000000 0.000000 0.003608 0.996393 10.000000
9.200000 0.000000 0.000000 0.003038 0.996963 10.000000
9.300000 0.000000 0.000000 0.002345 0.997655 10.000000
9.400000 0.000000 0.000000 0.002302 0.997698 10.000000
9.500000 0.000000 0.000000 0.001962 0.998038 10.000000
9.600000 0.000000 0.000000 0.001527 0.998473 10.000000
9.700000 0.000000 0.000000 0.001405 0.998595 10.000000
9.800000 0.000000 0.000000 0.000987 0.999013 10.000000
9.900000 0.000000 0.000000 0.000790 0.999210 10.000000
