0.000000 0.000000 0.000000 1.000000 0.000000 10.000000
0.100000 0.000000 0.000000 1.000000 0.000000 10.000000
0.200000 0.000000 0.000000 1.000000 0.000000 10.000000
0.300000 0.000000 0.000000 1.000000 0.000000 10.000000
0.400000 0.000000 0.000000 1.000000 0.000000 10.000000
0.500000 0.000000 0.000000 1.000000 0.000000 10.000000
0.600000 0.000000 0.000000 1.000000 0.000000 10.000000
0.700000 0.000000 0.000000 1.000000 0.000000 10.000000
0.800000 0.000000 0.000000 1.000000 0.000000 10.000000
0.900000 0.000000 0.000000 1.000000 0.000000 10.000000
1.000000 0.000000 0.000000 1.000000 0.000000 10.000000
1.100000 0.000000 0.000000 1.000000 0.000000 10.000000
1.200000 0.000000 0.000000 1.000000 0.000000 10.000000
1.300000 0.000000 0.000000 1.000000 0.000000 10.000000
1.400000 0.000000 0.000000 1.000000 0.000000 10.000000
1.500000 0.000000 0.000000 1.000000 0.000000 10.000000
1.600000 0.000000 0.000000 1.000000 0.000000 10.000000
1.700000 0.000000 0.000000 1.000000 0.000000 10.000000
1.800000 0.000000 0.000000 1.000000 0.000000 10.000000
1.900000 0.000000 0.000000 1.000000 0.000000 10.000000
2.000000 0.000000 0.000000 1.000000 0.000000 10.000000
2.100000 0.000000 0.000000 1.000000 0.000000 10.000000
2.200000 0.000000 0.000000 1.000000 0.000000 10.000000
2.300000 0.000000 0.000000 1.000000 0.000000 10.000000
2.400000 0.000000 0.000000 1.000000 0.000000 10.000000
2.500000 0.000000 0.000000 1.000000 0.000000 10.000000
2.600000 0.000000 0.000000 1.000000 0.000000 10.000000
2.700000 0.000000 0.000000 1.000000 0.000000 10.000000
2.800000 0.000000 0.000000 1.000000 0.000000 10.000000
2.900000 0.000000 0.000000 1.000000 0.000000 10.000000
3.000000 0.000000 0.000000 1.000000 0.000000 10.000000
3.100000 0.000000 0.000000 1.000000 0.000000 10.000000
3.200000 0.000000 0.000000 1.000000 0.000000 10.000000
3.300000 0.000000 0.000000 1.000000 0.000000 10.000000
3.400000 0.000000 0.000000 1.000000 0.000000 10.000000
3.500000 0.000000 0.000000 1.000000 0.000000 10.000000
3.600000 0.000000 0.000000 1.000000 0.000000 10.000000
3.700000 0.000000 0.000000 1.000000 0.000000 10.000000
3.800000 0.000000 0.000000 1.000000 0.000000 10.000000
3.900000 0.000000 0.000000 1.000000 0.000000 10.000000
4.000000 0.000000 0.000000 1.000000 0.000000 10.000000
4.100000 0.000000 0.000000 1.000000 0.000000 10.000000
4.200000 0.000000 0.000000 1.000000 0.000000 10.000000
4.300000 0.000000 0.000000 1.000000 0.000000 10.000000
4.400000 0.000000 0.000000 1.000000 0.000000 10.000000
4.500000 0.000000 0.000000 1.000000 0.000000 10.000000
4.600000 0.000000 0.000000 1.000000 0.000000 10.000000
4.700000 0.000000 0.000000 1.000000 0.000000 10.000000
4.800000 0.000000 0.000000 1.000000 0.000000 10.000000
4.900000 0.000000 0.000000 1.000000 0.000000 10.000000
5.000000 0.000000 0.000000 0.974003 0.025997 10.000000
5.100000 0.000000 0.000000 0.726080 0.273920 10.000000
5.200000 0.000000 0.000000 0.644643 0.355358 10.000000
5.300000 0.000000 0.000000 0.590790 0.409210 10.000000
5.400000 0.000000 0.000000 0.560528 0.439472 10.000000
5.500000 0.000000 0.000000 0.526650 0.473350 10.000000
5.600000 0.000000 0.000000 0.509792 0.490208 10.000000
5.700000 0.000000 0.000000 0.490305 0.509695 10.000000
5.800000 0.000000 0.000000 0.485570 0.514430 10.000000
5.900000 0.000000 0.000000 0.467927 0.532073 10.000000
6.000000 0.000000 0.000000 0.457195 0.542805 10.000000
6.100000 0.000000 0.000000 0.451607 0.548392 10.000000
6.200000 0.000000 0.000000 0.441135 0.558865 10.000000
6.300000 0.000000 0.000000 0.437290 0.562710 10.000000
6.400000 0.000000 0.000000 0.435255 0.564745 10.000000
6.500000 0.000000 0.000000 0.425070 0.574930 10.000000
6.600000 0.000000 0.000000 0.420737 0.579263 10.000000
6.700000 0.000000 0.000000 0.420127 0.579873 10.000000
6.800000 0.000000 0.000000 0.412700 0.587300 10.000000
6.900000 0.000000 0.000000 0.408190 0.591810 10.000000
7.000000 0.000000 0.000000 0.401270 0.598730 10.000000
7.100000 0.000000 0.000000 0.398498 0.601503 10.000000
7.200000 0.000000 0.000000 0.394105 0.605895 10.000000
7.300000 0.000000 0.000000 0.383462 0.616537 10.000000
7.400000 0.000000 0.000000 0.375810 0.624190 10.000000
7.500000 0.000000 0.000000 0.368160 0.631840 10.000000
7.600000 0.000000 0.000000 0.362028 0.637972 10.000000
7.700000 0.000000 0.000000 0.350805 0.649195 10.000000
7.800000 0.000000 0.000000 0.344037 0.655963 10.000000
7.900000 0.000000 0.000000 0.332965 0.667035 10.000000
8.000000 0.000000 0.000000 0.320097 0.679903 10.000000
8.100000 0.000000 0.000000 0.306967 0.693032 10.000000
8.200000 0.000000 0.000000 0.292960 0.707040 10.000000
8.300000 0.000000 0.000000 0.280355 0.719645 10.000000
8.400000 0.000000 0.000000 0.261172 0.738827 10.000000
8.500000 0.000000 0.000000 0.245405 0.754595 10.000000
8.600000 0.000000 0.000000 0.229555 0.770445 10.000000
8.700000 0.000000 0.000000 0.211405 0.788595 10.000000
8.800000 0.000000 0.000000 0.187422 0.812578 10.000000
8.900000 0.000000 0.000000 0.172148 0.827852 10.000000
9.000000 0.000000 0.000000 0.152410 0.847590 10.000000
9.100000 0.000000 0.000000 0.135043 0.864957 10.000000
9.200000 0.000000 0.000000 0.116738 0.883263 10.000000
9.300000 0.000000 0.000000 0.102025 0.897975 10.000000
9.400000 0.000000 0.000000 0.087720 0.912280 10.000000
9.500000 0.000000 0.000000 0.075228 0.924772 10.000000
9.600000 0.000000 0.000000 0.064448 0.935553 10.000000
9.700000 0.000000 0.000000 0.054670 0.945330 10.000000
9.800000 0.000000 0.000000 0.044557 0.955442 10.000000
9.900000 0.000000 0.000000 0.040190 0.959810 10.000000
10.000000 0.000000 0.000000 0.033145 0.966855 10.000000
10.100000 0.000000 0.000000 0.028590 0.971410 10.000000
10.200000 0.000000 0.000000 0.025708 0.974293 10.000000
10.300000 0.000000 0.000000 0.021400 0.978600 10.000000
10.400000 0.000000 0.000000 0.018148 0.981853 10.000000
10.500000 0.000000 0.000000 0.015985 0.984015 10.000000
10.600000 0.000000 0.000000 0.014625 0.985375 10.000000
10.700000 0.000000 0.000000 0.011643 0.988357 10.000000
10.800000 0.000000 0.000000 0.010100 0.989900 10.000000
10.900000 0.000000 0.000000 0.009265 0.990735 10.000000
11.000000 0.000000 0.000000 0.008165 0.991835 10.000000
11.100000 0.000000 0.000000 0.007225 0.992775 10.000000
11.200000 0.000000 0.000000 0.005967 0.994032 10.000000
11.300000 0.000000 0.000000 0.005480 0.994520 10.000000
11.400000 0.000000 0.000000 0.004742 0.995257 10.000000
11.500000 0.000000 0.000000 0.004120 0.995880 10.000000
11.600000 0.000000 0.000000 0.003550 0.996450 10.000000
11.700000 0.000000 0.000000 0.003218 0.996782 10.000000
11.800000 0.000000 0.000000 0.002880 0.997120 10.000000
11.900000 0.000000 0.000000 0.002700 0.997300 10.000000
12.000000 0.000000 0.000000 0.002150 0.997850 10.000000
