0.000000 0.000000 0.000000 1.000000 0.000000 10.000000
0.100000 0.000000 0.000000 1.000000 0.000000 10.000000
0.200000 0.000000 0.000000 1.000000 0.000000 10.000000
0.300000 0.000000 0.000000 1.000000 0.000000 10.000000
0.400000 0.000000 0.000000 1.000000 0.000000 10.000000
0.500000 0.000000 0.000000 1.000000 0.000000 10.000000
0.600000 0.000000 0.000000 1.000000 0.000000 10.000000
0.700000 0.000000 0.000000 1.000000 0.000000 10.000000
0.800000 0.000000 0.000000 1.000000 0.000000 10.000000
0.900000 0.000000 0.000000 1.000000 0.000000 10.000000
1.000000 0.000000 0.000000 1.000000 0.000000 10.000000
1.100000 0.000000 0.000000 1.000000 0.000000 10.000000
1.200000 0.000000 0.000000 1.000000 0.000000 10.000000
1.300000 0.000000 0.000000 1.000000 0.000000 10.000000
1.400000 0.000000 0.000000 1.000000 0.000000 10.000000
1.500000 0.000000 0.000000 1.000000 0.000000 10.000000
1.600000 0.000000 0.000000 1.000000 0.000000 10.000000
1.700000 0.000000 0.000000 1.000000 0.000000 10.000000
1.800000 0.000000 0.000000 1.000000 0.000000 10.000000
1.900000 0.000000 0.000000 1.000000 0.000000 10.000000
2.000000 0.000000 0.000000 1.000000 0.000000 10.000000
2.100000 0.000000 0.000000 1.000000 0.000000 10.000000
2.200000 0.000000 0.000000 1.000000 0.000000 10.000000
2.300000 0.000000 0.000000 1.000000 0.000000 10.000000
2.400000 0.000000 0.000000 1.000000 0.000000 10.000000
2.500000 0.000000 0.000000 1.000000 0.000000 10.000000
2.600000 0.000000 0.000000 1.000000 0.000000 10.000000
2.700000 0.000000 0.000000 1.000000 0.000000 10.000000
2.800000 0.000000 0.000000 1.000000 0.000000 10.000000
2.900000 0.000000 0.000000 1.000000 0.000000 10.000000
3.000000 0.000000 0.000000 1.000000 0.000000 10.000000
3.100000 0.000000 0.000000 1.000000 0.000000 10.000000
3.200000 0.000000 0.000000 1.000000 0.000000 10.000000
3.300000 0.000000 0.231824 0.622776 0.145400 10.000000
3.400000 0.000000 0.269690 0.456555 0.273755 10.000000
3.500000 0.000000 0.368252 0.417704 0.214044 10.000000
3.600000 0.000000 0.209015 0.403976 0.387009 10.000000
3.700000 0.000000 0.289963 0.394830 0.315207 10.000000
3.800000 0.000000 0.337639 0.371141 0.291220 10.000000
3.900000 0.000000 0.213111 0.324118 0.462771 10.000000
4.000000 0.000000 0.389559 0.223869 0.386572 10.000000
4.100000 0.000000 0.544283 0.101094 0.354624 10.000000
4.200000 0.000000 0.614331 0.044105 0.341564 10.000000
4.300000 0.000000 0.650880 0.030743 0.318378 10.000000
4.400000 0.000000 0.378352 0.026394 0.595254 10.000000
4.500000 0.000000 0.459089 0.025470 0.515441 10.000000
4.600000 0.000000 0.349936 0.025026 0.625038 10.000000
4.700000 0.000000 0.447984 0.023465 0.528551 10.000000
4.800000 0.000000 0.346617 0.023085 0.630297 10.000000
4.900000 0.000000 0.520309 0.021114 0.458577 10.000000
5.000000 0.000000 0.597461 0.018965 0.383574 10.000000
5.100000 0.000000 0.308090 0.014377 0.677532 10.000000
5.200000 0.000000 0.627957 0.008649 0.363394 10.000000
5.300000 0.000000 0.513881 0.003611 0.482507 10.000000
5.400000 0.000000 0.513615 0.000854 0.485531 10.000000
5.500000 0.000000 0.562156 0.000289 0.437555 10.000000
5.600000 0.000000 0.581749 0.000201 0.418050 10.000000
5.700000 0.000000 0.408029 0.000160 0.591811 10.000000
5.800000 0.000000 0.593256 0.000125 0.406619 10.000000
5.900000 0.000000 0.661780 0.000069 0.338151 10.000000
6.000000 0.000000 0.523005 0.000034 0.476961 10.000000
6.100000 0.000000 0.466051 0.000011 0.533937 10.000000
6.200000 0.000000 0.477515 0.000006 0.522479 10.000000
6.300000 0.000000 0.272660 0.000000 0.727340 10.000000
6.400000 0.000000 0.456685 0.000000 0.543315 10.000000
6.500000 0.000000 0.512775 0.000000 0.487225 10.000000
