3.000000 0.000000 0.000000 0.000000 1.000000 0.000000 90.000000
3.010000 0.000000 0.000000 0.000000 1.000000 0.000000 90.000000
3.020000 0.000000 0.000000 0.000000 1.000000 0.000000 90.000000
3.030000 0.000000 0.000000 0.000000 1.000000 0.000000 90.000000
3.040000 0.000000 0.000000 0.000000 1.000000 0.000000 90.000000
3.050000 0.000000 0.000000 0.000000 1.000000 0.000000 90.000000
3.060000 0.000000 0.000000 0.000000 1.000000 0.000000 90.000000
3.070000 0.000000 0.000000 0.000000 1.000000 0.000000 90.000000
3.080000 0.000000 0.000000 0.000000 1.000000 0.000000 90.000000
3.090000 0.000000 0.000000 0.000000 1.000000 0.000000 90.000000
3.100000 0.000000 0.000000 0.000000 1.000000 0.000000 90.000000
3.110000 0.000000 0.000000 0.000000 1.000000 0.000000 90.000000
3.120000 0.000000 0.000000 0.000000 1.000000 0.000000 90.000000
3.130000 0.000000 0.000000 0.000000 1.000000 0.000000 90.000000
3.140000 0.000000 0.000000 0.000000 1.000000 0.000000 90.000000
3.150000 0.000000 0.000000 0.000000 1.000000 0.000000 90.000000
3.160000 0.000000 0.000000 0.000000 1.000000 0.000000 90.000000
3.170000 0.000000 0.000000 0.000000 1.000000 0.000000 90.000000
3.180000 0.000000 0.000000 0.000000 1.000000 0.000000 90.000000
3.190000 0.000000 0.000000 0.000000 1.000000 0.000000 90.000000
3.200000 0.000000 0.000000 0.000000 1.000000 0.000000 90.000000
3.210000 0.000000 0.000000 0.000000 1.000000 0.000000 90.000000
3.220000 0.000000 0.000000 0.000000 1.000000 0.000000 90.000000
3.230000 0.000000 0.000000 0.000000 1.000000 0.000000 90.000000
3.240000 0.000000 0.000000 0.000000 1.000000 0.000000 90.000000
3.250000 0.000000 0.000000 0.000000 1.000000 0.000000 90.000000
3.260000 0.000000 0.000000 0.000000 1.000000 0.000000 90.000000
3.270000 0.000000 0.000000 0.000000 1.000000 0.000000 90.000000
3.280000 0.000000 0.000000 0.000000 1.000000 0.000000 90.000000
3.290000 0.000000 0.000000 0.000000 1.000000 0.000000 90.000000
3.300000 0.000000 0.000000 0.000000 1.000000 0.000000 90.000000
3.310000 0.000000 0.000000 0.000000 1.000000 0.000000 90.000000
3.320000 0.000000 0.000000 0.000000 1.000000 0.000000 90.000000
3.330000 0.000000 0.000000 0.000000 1.000000 0.000000 90.000000
3.340000 0.000000 0.000000 0.000000 1.000000 0.000000 90.000000
3.350000 0.000000 0.000000 0.000000 1.000000 0.000000 90.000000
3.360000 0.000000 0.000000 0.000000 1.000000 0.000000 90.000000
3.370000 0.000000 0.000000 0.000000 1.000000 0.000000 90.000000
3.380000 0.000000 0.000000 0.000000 1.000000 0.000000 90.000000
3.390000 0.000000 0.000000 0.000000 1.000000 0.000000 90.000000
3.400000 0.000000 0.000000 0.000000 1.000000 0.000000 90.000000
3.410000 0.000000 0.000000 0.000000 1.000000 0.000000 90.000000
3.420000 0.000000 0.000000 0.000000 1.000000 0.000000 90.000000
3.430000 0.000000 0.000000 0.000000 1.000000 0.000000 90.000000
3.440000 0.000000 0.000000 0.000000 1.000000 0.000000 90.000000
3.450000 0.000000 0.000000 0.000000 1.000000 0.000000 90.000000
3.460000 0.000000 0.000000 0.000000 1.000000 0.000000 90.000000
3.470000 0.000000 0.000000 0.000000 1.000000 0.000000 90.000000
3.480000 0.000000 0.000000 0.000000 1.000000 0.000000 90.000000
3.490000 0.000000 0.000000 0.000000 1.000000 0.000000 90.000000
3.500000 0.000000 0.000000 0.000000 1.000000 0.000000 90.000000
3.510000 0.000000 0.000000 0.000000 1.000000 0.000000 90.000000
3.520000 0.000000 0.000000 0.000000 1.000000 0.000000 90.000000
3.530000 0.000000 0.000000 0.000000 1.000000 0.000000 90.000000
3.540000 0.000000 0.000000 0.000000 1.000000 0.000000 90.000000
3.550000 0.000000 0.000000 0.000000 1.000000 0.000000 90.000000
3.560000 0.000000 0.000000 0.000000 1.000000 0.000000 90.000000
3.570000 0.000000 0.000000 0.000000 1.000000 0.000000 90.000000
3.580000 0.000000 0.000000 0.000000 1.000000 0.000000 90.000000
3.590000 0.000000 0.000000 0.000000 1.000000 0.000000 90.000000
3.600000 0.000000 0.000000 0.000000 1.000000 0.000000 90.000000
3.610000 0.000000 0.000000 0.000000 1.000000 0.000000 90.000000
3.620000 0.000000 0.000000 0.000000 1.000000 0.000000 90.000000
3.630000 0.000000 0.000000 0.000000 1.000000 0.000000 90.000000
3.640000 0.000000 0.000000 0.000000 1.000000 0.000000 90.000000
3.650000 0.000000 0.000000 0.000000 1.000000 0.000000 90.000000
3.660000 0.000000 0.000000 0.000000 1.000000 0.000000 90.000000
3.670000 0.000000 0.000000 0.000000 1.000000 0.000000 90.000000
3.680000 0.000000 0.000000 0.000000 1.000000 0.000000 90.000000
3.690000 0.000000 0.000000 0.000000 1.000000 0.000000 90.000000
3.700000 0.000000 0.000000 0.000000 1.000000 0.000000 90.000000
3.710000 0.000000 0.000000 0.000000 1.000000 0.000000 90.000000
3.720000 0.000000 0.000000 0.000000 1.000000 0.000000 90.000000
3.730000 0.000000 0.000000 0.000000 1.000000 0.000000 90.000000
3.740000 0.000000 0.000000 0.000000 1.000000 0.000000 90.000000
3.750000 0.000000 0.000000 0.000000 1.000000 0.000000 90.000000
3.760000 0.000000 0.000000 0.000000 1.000000 0.000000 90.000000
3.770000 0.000000 0.000000 0.000000 1.000000 0.000000 90.000000
3.780000 0.000000 0.000000 0.000000 1.000000 0.000000 90.000000
3.790000 0.000000 0.000000 0.000000 1.000000 0.000000 90.000000
3.800000 0.000000 0.000000 0.000000 1.000000 0.000000 90.000000
3.810000 0.000000 0.000000 0.000000 1.000000 0.000000 90.000000
3.820000 0.000000 0.000000 0.000000 1.000000 0.000000 90.000000
3.830000 0.000000 0.000000 0.000000 1.000000 0.000000 90.000000
3.840000 0.000000 0.000000 0.000000 1.000000 0.000000 90.000000
3.850000 0.000000 0.000000 0.000000 1.000000 0.000000 90.000000
3.860000 0.000000 0.000000 0.000000 1.000000 0.000000 90.000000
3.870000 0.000000 0.000000 0.000000 1.000000 0.000000 90.000000
3.880000 0.000000 0.000000 0.000000 1.000000 0.000000 90.000000
3.890000 0.000000 0.000000 0.000000 1.000000 0.000000 90.000000
3.900000 0.000000 0.000000 0.000000 1.000000 0.000000 90.000000
3.910000 0.000000 0.000000 0.000000 1.000000 0.000000 90.000000
3.920000 0.000000 0.000000 0.000000 1.000000 0.000000 90.000000
3.930000 0.000000 0.000000 0.000000 1.000000 0.000000 90.000000
3.940000 0.000000 0.000000 0.000000 1.000000 0.000000 90.000000
3.950000 0.000000 0.000000 0.000000 1.000000 0.000000 90.000000
3.960000 0.000000 0.000000 0.000000 1.000000 0.000000 90.000000
3.970000 0.000000 0.000000 0.000000 1.000000 0.000000 90.000000
3.980000 0.000000 0.000000 0.000000 1.000000 0.000000 90.000000
3.990000 0.000000 0.000000 0.000000 1.000000 0.000000 90.000000
4.000000 0.000000 0.000000 0.000000 1.000000 0.000000 90.000000
4.010000 0.000000 0.000000 0.000000 1.000000 0.000000 90.000000
4.020000 0.000000 0.000000 0.000000 1.000000 0.000000 90.000000
4.030000 0.000000 0.000000 0.000000 1.000000 0.000000 90.000000
4.040000 0.000000 0.000000 0.000000 1.000000 0.000000 90.000000
4.050000 0.000000 0.000000 0.000000 1.000000 0.000000 90.000000
4.060000 0.000000 0.000000 0.000000 1.000000 0.000000 90.000000
4.070000 0.000000 0.000000 0.000000 1.000000 0.000000 90.000000
4.080000 0.000000 0.000000 0.000000 1.000000 0.000000 90.000000
4.090000 0.000000 0.000000 0.000000 1.000000 0.000000 90.000000
4.100000 0.000000 0.000000 0.000000 1.000000 0.000000 90.000000
4.110000 0.000000 0.000000 0.000000 1.000000 0.000000 90.000000
4.120000 0.000000 0.000000 0.000000 1.000000 0.000000 90.000000
4.130000 0.000000 0.000000 0.000000 1.000000 0.000000 90.000000
4.140000 0.000000 0.000000 0.000000 1.000000 0.000000 90.000000
4.150000 0.000000 0.000000 0.000000 1.000000 0.000000 90.000000
4.160000 0.000000 0.000000 0.000000 1.000000 0.000000 90.000000
4.170000 0.000000 0.000000 0.000000 1.000000 0.000000 90.000000
4.180000 0.000000 0.000000 0.000000 1.000000 0.000000 90.000000
4.190000 0.000000 0.000000 0.000000 1.000000 0.000000 90.000000
4.200000 0.000000 0.000000 0.000000 1.000000 0.000000 90.000000
4.210000 0.000000 0.000000 0.000000 1.000000 0.000000 90.000000
4.220000 0.000000 0.000000 0.000000 1.000000 0.000000 90.000000
4.230000 0.000000 0.000000 0.000000 1.000000 0.000000 90.000000
4.240000 0.000000 0.000000 0.000000 1.000000 0.000000 90.000000
4.250000 0.000000 0.000000 0.000000 1.000000 0.000000 90.000000
4.260000 0.000000 0.000000 0.000000 1.000000 0.000000 90.000000
4.270000 0.000000 0.000000 0.000000 1.000000 0.000000 90.000000
4.280000 0.000000 0.000000 0.000000 1.000000 0.000000 90.000000
4.290000 0.000000 0.000000 0.000000 1.000000 0.000000 90.000000
4.300000 0.000000 0.000000 0.000000 1.000000 0.000000 90.000000
4.310000 0.000000 0.000000 0.000000 1.000000 0.000000 90.000000
4.320000 0.000000 0.000000 0.000000 1.000000 0.000000 90.000000
4.330000 0.000000 0.000000 0.000000 1.000000 0.000000 90.000000
4.340000 0.000000 0.000000 0.000000 1.000000 0.000000 90.000000
4.350000 0.000000 0.000000 0.000000 1.000000 0.000000 90.000000
4.360000 0.000000 0.000000 0.000000 1.000000 0.000000 90.000000
4.370000 0.000000 0.000000 0.000000 1.000000 0.000000 90.000000
4.380000 0.000000 0.000000 0.000000 1.000000 0.000000 90.000000
4.390000 0.000000 0.000000 0.000000 1.000000 0.000000 90.000000
4.400000 0.000000 0.000000 0.000000 1.000000 0.000000 90.000000
4.410000 0.000000 0.000000 0.000000 1.000000 0.000000 90.000000
4.420000 0.000000 0.000000 0.000000 1.000000 0.000000 90.000000
4.430000 0.000000 0.000000 0.000000 1.000000 0.000000 90.000000
4.440000 0.000000 0.000000 0.000000 1.000000 0.000000 90.000000
4.450000 0.000000 0.000000 0.000000 1.000000 0.000000 90.000000
4.460000 0.000000 0.000000 0.000000 1.000000 0.000000 90.000000
4.470000 0.000000 0.000000 0.000000 1.000000 0.000000 90.000000
4.480000 0.000000 0.000000 0.000000 1.000000 0.000000 90.000000
4.490000 0.000000 0.000000 0.000000 1.000000 0.000000 90.000000
4.500000 0.000000 0.000000 0.000000 1.000000 0.000000 90.000000
4.510000 0.000000 0.000000 0.000000 1.000000 0.000000 90.000000
4.520000 0.000000 0.000000 0.000000 1.000000 0.000000 90.000000
4.530000 0.000000 0.000000 0.000000 1.000000 0.000000 90.000000
4.540000 0.000000 0.000000 0.000000 1.000000 0.000000 90.000000
4.550000 0.000000 0.000000 0.000000 1.000000 0.000000 90.000000
4.560000 0.000000 0.000000 0.000000 1.000000 0.000000 90.000000
4.570000 0.000000 0.000000 0.000000 1.000000 0.000000 90.000000
4.580000 0.000000 0.000000 0.000378 0.999248 0.000374 90.000000
4.590000 0.000000 0.000000 0.049520 0.903115 0.047365 90.000000
4.600000 0.000000 0.000000 0.068234 0.853882 0.077884 90.000000
4.610000 0.000000 0.000000 0.095009 0.824965 0.080026 90.000000
4.620000 0.000000 0.000000 0.119284 0.794265 0.086451 90.000000
4.630000 0.000000 0.000000 0.148962 0.772446 0.078592 90.000000
4.640000 0.000000 0.000000 0.114344 0.753468 0.132188 90.000000
4.650000 0.000000 0.000000 0.134672 0.733241 0.132087 89.000000
4.660000 0.000000 0.000000 0.136177 0.716675 0.147147 89.000000
4.670000 0.000000 0.000000 0.142771 0.698610 0.158620 89.000000
4.680000 0.000000 0.000000 0.158891 0.684164 0.156945 89.000000
4.690000 0.000000 0.000000 0.154760 0.670720 0.174521 89.000000
4.700000 0.000000 0.000000 0.154365 0.655947 0.189688 89.000000
4.710000 0.000000 0.000000 0.201828 0.642759 0.155413 89.000000
4.720000 0.000000 0.000000 0.182163 0.631365 0.186472 89.000000
4.730000 0.000000 0.000000 0.180946 0.619123 0.199931 89.000000
4.740000 0.000000 0.000000 0.165758 0.607385 0.226857 89.000000
4.750000 0.000000 0.000000 0.211685 0.595310 0.193005 89.000000
4.760000 0.000000 0.000000 0.224528 0.584890 0.190583 89.000000
4.770000 0.000000 0.000000 0.168371 0.573887 0.257742 89.000000
4.780000 0.000000 0.000000 0.218747 0.564454 0.216799 89.000000
4.790000 0.000000 0.000000 0.235403 0.553348 0.211249 89.000000
4.800000 0.000000 0.000000 0.242463 0.543845 0.213692 89.000000
4.810000 0.000000 0.000000 0.208246 0.534064 0.257690 89.000000
4.820000 0.000000 0.000000 0.213734 0.524107 0.262160 89.000000
4.830000 0.000000 0.000000 0.216645 0.513613 0.269742 89.000000
4.840000 0.000000 0.000000 0.241942 0.504087 0.253971 89.000000
4.850000 0.000000 0.000000 0.233760 0.496103 0.270137 89.000000
4.860000 0.000000 0.000000 0.274497 0.486795 0.238709 89.000000
4.870000 0.000000 0.000000 0.265395 0.478140 0.256465 89.000000
4.880000 0.000000 0.000000 0.284911 0.467716 0.247373 89.000000
4.890000 0.000000 0.000000 0.268999 0.459310 0.271690 89.000000
4.900000 0.000000 0.000000 0.279660 0.450438 0.269901 89.000000
4.910000 0.000000 0.000000 0.329801 0.441328 0.228871 89.000000
4.920000 0.000000 0.000000 0.289021 0.432969 0.278010 89.000000
4.930000 0.000000 0.000000 0.270986 0.423490 0.305524 89.000000
4.940000 0.000000 0.000000 0.295279 0.414920 0.289801 89.000000
4.950000 0.000000 0.000000 0.298556 0.406046 0.295398 89.000000
4.960000 0.000000 0.000000 0.272193 0.397243 0.330564 89.000000
4.970000 0.000000 0.000000 0.271069 0.388704 0.340227 89.000000
4.980000 0.000000 0.000000 0.281975 0.380058 0.337967 89.000000
4.990000 0.000000 0.000000 0.332032 0.371808 0.296160 89.000000
5.000000 0.000000 0.000000 0.329038 0.362117 0.308846 89.000000
5.010000 0.000000 0.000000 0.344418 0.355437 0.300146 89.000000
5.020000 0.000000 0.000000 0.333957 0.346291 0.319751 89.000000
5.030000 0.000000 0.000000 0.337681 0.336770 0.325550 89.000000
5.040000 0.000000 0.000000 0.316583 0.329702 0.353714 89.000000
5.050000 0.000000 0.000000 0.376535 0.320060 0.303406 89.000000
5.060000 0.000000 0.000000 0.361444 0.312723 0.325833 89.000000
5.070000 0.000000 0.000000 0.374339 0.303896 0.321766 89.000000
5.080000 0.000000 0.000000 0.315624 0.294641 0.389735 89.000000
5.090000 0.000000 0.000000 0.382113 0.287756 0.330130 89.000000
5.100000 0.000000 0.000000 0.399676 0.278669 0.321655 89.000000
5.110000 0.000000 0.000000 0.321304 0.270627 0.408069 89.000000
5.120000 0.000000 0.000000 0.425410 0.262966 0.311624 89.000000
5.130000 0.000000 0.000000 0.370328 0.254947 0.374726 89.000000
5.140000 0.000000 0.000000 0.400122 0.248426 0.351452 89.000000
5.150000 0.000000 0.000000 0.397260 0.240053 0.362686 89.000000
5.160000 0.000000 0.000000 0.410090 0.232867 0.357042 89.000000
5.170000 0.000000 0.000000 0.384226 0.225652 0.390122 89.000000
5.180000 0.000000 0.000000 0.353578 0.218031 0.428391 89.000000
5.190000 0.000000 0.000000 0.384379 0.210608 0.405013 89.000000
5.200000 0.000000 0.000000 0.351821 0.202917 0.445262 89.000000
5.210000 0.000000 0.000000 0.406995 0.196601 0.396404 89.000000
5.220000 0.000000 0.000000 0.398538 0.189406 0.412055 89.000000
5.230000 0.000000 0.000000 0.437833 0.183423 0.378744 89.000000
5.240000 0.000000 0.000000 0.436251 0.175997 0.387752 89.000000
5.250000 0.000000 0.000000 0.462364 0.169681 0.367954 89.000000
5.260000 0.000000 0.000000 0.325188 0.163263 0.511549 89.000000
5.270000 0.000000 0.000000 0.413651 0.157421 0.428928 89.000000
5.280000 0.000000 0.000000 0.473683 0.150312 0.376005 89.000000
5.290000 0.000000 0.000000 0.385870 0.145267 0.468864 89.000000
5.300000 0.000000 0.000000 0.404179 0.140014 0.455807 89.000000
5.310000 0.000000 0.000000 0.457887 0.134322 0.407791 89.000000
5.320000 0.000000 0.000000 0.446737 0.129583 0.423680 89.000000
5.330000 0.000000 0.000000 0.447582 0.123934 0.428484 89.000000
5.340000 0.000000 0.000000 0.420768 0.118880 0.460353 89.000000
5.350000 0.000000 0.000000 0.375344 0.114190 0.510466 89.000000
5.360000 0.000000 0.000000 0.456019 0.110166 0.433815 89.000000
5.370000 0.000000 0.000000 0.519661 0.105360 0.374978 89.000000
5.380000 0.000000 0.000000 0.446969 0.101733 0.451298 89.000000
5.390000 0.000000 0.000000 0.424600 0.097313 0.478087 89.000000
5.400000 0.000000 0.000000 0.460332 0.092590 0.447078 89.000000
5.410000 0.000000 0.000000 0.457044 0.089390 0.453566 89.000000
5.420000 0.000000 0.000000 0.508049 0.085298 0.406653 89.000000
5.430000 0.000000 0.000000 0.482981 0.082522 0.434497 89.000000
5.440000 0.000000 0.000000 0.411596 0.079238 0.509166 89.000000
5.450000 0.000000 0.000000 0.434599 0.075869 0.489533 89.000000
5.460000 0.000000 0.000000 0.469397 0.072755 0.457847 89.000000
5.470000 0.000000 0.000000 0.409776 0.069673 0.520551 89.000000
5.480000 0.000000 0.000000 0.477621 0.067514 0.454865 89.000000
5.490000 0.000000 0.000000 0.522722 0.064778 0.412499 89.000000
5.500000 0.000000 0.000000 0.462623 0.062044 0.475333 89.000000
