0.010000 0.248200 0.501300 0.250500
1 0.248200 0.501300 0.250500
2 0.190700 0.640700 0.168600
3 0.153400 0.727800 0.118800
4 0.126800 0.784600 0.088600
5 0.102200 0.827600 0.070200
6 0.086200 0.857100 0.056700
7 0.074200 0.873200 0.052600
8 0.067900 0.887200 0.044900
9 0.060300 0.897900 0.041800
10 0.056200 0.904500 0.039300
11 0.053200 0.908000 0.038800
13 0.043500 0.919400 0.037100
14 0.041500 0.922700 0.035800
16 0.034200 0.931900 0.033900
17 0.033600 0.932100 0.034300
19 0.034100 0.933600 0.032300
21 0.029700 0.939100 0.031200
23 0.030800 0.939400 0.029800
25 0.027600 0.940400 0.032000
28 0.026000 0.943200 0.030800
31 0.022600 0.943100 0.034300
34 0.018900 0.945900 0.035200
37 0.018100 0.946300 0.035600
41 0.016300 0.948700 0.035000
45 0.014900 0.948500 0.036600
49 0.014400 0.951800 0.033800
54 0.010400 0.957000 0.032600
59 0.006600 0.957000 0.036400
65 0.004700 0.955900 0.039400
72 0.004300 0.957400 0.038300
79 0.004100 0.957900 0.038000
86 0.001700 0.956200 0.042100
95 0.001500 0.955600 0.042900
104 0.001700 0.956800 0.041500
115 0.000400 0.953600 0.046000
126 0.000000 0.950900 0.049100
139 0.000000 0.944900 0.055100
153 0.000000 0.945400 0.054600
168 0.000000 0.941500 0.058500
185 0.000000 0.935200 0.064800
203 0.000000 0.935300 0.064700
223 0.000000 0.928200 0.071800
246 0.000000 0.925100 0.074900
270 0.000000 0.908900 0.091100
297 0.000000 0.890100 0.109900
327 0.000000 0.867500 0.132500
359 0.000000 0.849500 0.150500
395 0.000000 0.836600 0.163400
435 0.000000 0.833100 0.166900
478 0.000000 0.824100 0.175900
526 0.000000 0.805700 0.194300
579 0.000000 0.776400 0.223600
636 0.000000 0.754600 0.245400
700 0.000000 0.752600 0.247400
770 0.000000 0.739600 0.260400
847 0.000000 0.714900 0.285100
931 0.000000 0.703100 0.296900
1025 0.000000 0.695100 0.304900
1127 0.000000 0.676100 0.323900
1240 0.000000 0.652200 0.347800
1364 0.000000 0.599100 0.400900
1500 0.000000 0.605500 0.394500
1650 0.000000 0.577600 0.422400
1815 0.000000 0.558800 0.441200
1996 0.000000 0.552800 0.447200
2196 0.000000 0.585900 0.414100
2415 0.000000 0.520600 0.479400
2657 0.000000 0.532600 0.467400
2922 0.000000 0.544200 0.455800
3215 0.000000 0.566100 0.433900
3536 0.000000 0.602100 0.397900
3889 0.000000 0.593500 0.406500
4278 0.000000 0.605600 0.394400
4706 0.000000 0.580000 0.420000
5177 0.000000 0.570500 0.429500
5694 0.000000 0.555700 0.444300
6264 0.000000 0.542300 0.457700
6890 0.000000 0.603500 0.396500
7579 0.000000 0.590400 0.409600
8337 0.000000 0.544000 0.456000
9170 0.000000 0.536500 0.463500
10087 0.000000 0.591100 0.408900
11096 0.000000 0.576900 0.423100
12206 0.000000 0.539200 0.460800
13426 0.000000 0.578200 0.421800
14769 0.000000 0.534000 0.466000
16246 0.000000 0.587000 0.413000
17870 0.000000 0.516200 0.483800
19657 0.000000 0.583100 0.416900
21623 0.000000 0.561900 0.438100
23785 0.000000 0.534300 0.465700
26163 0.000000 0.595300 0.404700
28780 0.000000 0.581900 0.418100
31658 0.000000 0.541100 0.458900
34823 0.000000 0.538100 0.461900
38306 0.000000 0.617700 0.382300
42136 0.000000 0.561300 0.438700
46350 0.000000 0.572100 0.427900
50985 0.000000 0.581600 0.418400
56083 0.000000 0.584100 0.415900
61691 0.000000 0.569300 0.430700
67860 0.000000 0.616800 0.383200
74646 0.000000 0.561900 0.438100
82111 0.000000 0.585000 0.415000
90322 0.000000 0.565300 0.434700
99354 0.000000 0.584300 0.415700
