0.010000 0.249500 0.502800 0.247700
1 0.249500 0.502800 0.247700
2 0.194400 0.635200 0.170400
3 0.152900 0.726000 0.121100
4 0.126200 0.784500 0.089300
5 0.108500 0.820600 0.070900
6 0.095800 0.843500 0.060700
7 0.089800 0.858300 0.051900
8 0.082500 0.874900 0.042600
9 0.078600 0.883000 0.038400
10 0.073400 0.891600 0.035000
11 0.065300 0.901000 0.033700
13 0.057200 0.914900 0.027900
14 0.054800 0.918300 0.026900
16 0.047300 0.928000 0.024700
17 0.041100 0.932700 0.026200
19 0.039000 0.935900 0.025100
21 0.036800 0.937300 0.025900
23 0.037200 0.939400 0.023400
25 0.032300 0.945600 0.022100
28 0.031100 0.949100 0.019800
31 0.029600 0.948300 0.022100
34 0.025400 0.951700 0.022900
37 0.020700 0.956000 0.023300
41 0.017100 0.958300 0.024600
45 0.014300 0.959600 0.026100
49 0.011800 0.958600 0.029600
54 0.006500 0.963500 0.030000
59 0.003900 0.962100 0.034000
65 0.002900 0.959900 0.037200
72 0.001700 0.954900 0.043400
79 0.000900 0.952000 0.047100
86 0.000500 0.947100 0.052400
95 0.000000 0.942700 0.057300
104 0.000000 0.936600 0.063400
115 0.000000 0.922400 0.077600
126 0.000000 0.911700 0.088300
139 0.000000 0.892700 0.107300
153 0.000000 0.872500 0.127500
168 0.000000 0.851500 0.148500
185 0.000000 0.829500 0.170500
203 0.000000 0.804700 0.195300
223 0.000000 0.764200 0.235800
246 0.000000 0.720600 0.279400
270 0.000000 0.680200 0.319800
297 0.000000 0.632000 0.368000
327 0.000000 0.585600 0.414400
359 0.000000 0.548500 0.451500
395 0.000000 0.500300 0.499700
435 0.000000 0.447800 0.552200
478 0.000000 0.400500 0.599500
526 0.000000 0.338000 0.662000
579 0.000000 0.267300 0.732700
636 0.000000 0.183700 0.816300
700 0.000000 0.109800 0.890200
770 0.000000 0.060300 0.939700
847 0.000000 0.035000 0.965000
931 0.000000 0.034700 0.965300
1025 0.000000 0.035800 0.964200
1127 0.000000 0.033100 0.966900
1240 0.000000 0.030900 0.969100
1364 0.000000 0.042000 0.958000
1500 0.000000 0.027800 0.972200
1650 0.000000 0.034600 0.965400
1815 0.000000 0.035100 0.964900
1996 0.000000 0.034100 0.965900
2196 0.000000 0.030400 0.969600
2415 0.000000 0.033600 0.966400
2657 0.000000 0.027100 0.972900
2922 0.000000 0.027800 0.972200
3215 0.000000 0.024800 0.975200
3536 0.000000 0.028200 0.971800
3889 0.000000 0.023900 0.976100
4278 0.000000 0.033700 0.966300
4706 0.000000 0.031500 0.968500
5177 0.000000 0.033300 0.966700
5694 0.000000 0.031200 0.968800
6264 0.000000 0.027800 0.972200
6890 0.000000 0.027900 0.972100
7579 0.000000 0.026300 0.973700
8337 0.000000 0.034400 0.965600
9170 0.000000 0.029900 0.970100
10087 0.000000 0.030000 0.970000
11096 0.000000 0.036400 0.963600
12206 0.000000 0.028000 0.972000
13426 0.000000 0.034600 0.965400
14769 0.000000 0.026000 0.974000
16246 0.000000 0.026800 0.973200
17870 0.000000 0.034800 0.965200
19657 0.000000 0.034600 0.965400
21623 0.000000 0.033900 0.966100
23785 0.000000 0.028500 0.971500
26163 0.000000 0.029700 0.970300
28780 0.000000 0.024600 0.975400
31658 0.000000 0.031200 0.968800
34823 0.000000 0.027900 0.972100
38306 0.000000 0.034800 0.965200
42136 0.000000 0.025500 0.974500
46350 0.000000 0.029400 0.970600
50985 0.000000 0.026500 0.973500
56083 0.000000 0.030800 0.969200
61691 0.000000 0.037900 0.962100
67860 0.000000 0.028000 0.972000
74646 0.000000 0.025700 0.974300
82111 0.000000 0.031100 0.968900
90322 0.000000 0.024400 0.975600
99354 0.000000 0.034600 0.965400
