0.010000 0.255900 0.501700 0.242400
1 0.255900 0.501700 0.242400
2 0.223400 0.623100 0.153500
3 0.206200 0.687400 0.106400
4 0.180700 0.740000 0.079300
5 0.166300 0.768900 0.064800
6 0.158900 0.787900 0.053200
7 0.145000 0.808100 0.046900
8 0.138800 0.817500 0.043700
9 0.130200 0.830100 0.039700
10 0.126300 0.836600 0.037100
11 0.124700 0.840900 0.034400
13 0.116600 0.851600 0.031800
14 0.116500 0.852400 0.031100
16 0.108600 0.863600 0.027800
17 0.104500 0.869700 0.025800
19 0.095300 0.878400 0.026300
21 0.091300 0.884600 0.024100
23 0.088800 0.887300 0.023900
25 0.084700 0.892500 0.022800
28 0.081200 0.898000 0.020800
31 0.075800 0.905300 0.018900
34 0.071500 0.909800 0.018700
37 0.068700 0.915200 0.016100
41 0.062300 0.920500 0.017200
45 0.058300 0.925600 0.016100
49 0.056100 0.928800 0.015100
54 0.045900 0.938700 0.015400
59 0.039700 0.944600 0.015700
65 0.034600 0.952100 0.013300
72 0.034100 0.955200 0.010700
79 0.028200 0.961900 0.009900
86 0.021900 0.967000 0.011100
95 0.017200 0.971500 0.011300
104 0.014500 0.972400 0.013100
115 0.012900 0.976000 0.011100
126 0.015100 0.975200 0.009700
139 0.016000 0.977600 0.006400
153 0.016500 0.976900 0.006600
168 0.013100 0.981800 0.005100
185 0.007700 0.985200 0.007100
203 0.008400 0.984500 0.007100
223 0.009700 0.981600 0.008700
246 0.006000 0.980200 0.013800
270 0.009700 0.977900 0.012400
297 0.010300 0.976100 0.013600
327 0.009500 0.973800 0.016700
359 0.010700 0.969200 0.020100
395 0.004600 0.968100 0.027300
435 0.013500 0.962600 0.023900
478 0.025400 0.954000 0.020600
526 0.017800 0.954100 0.028100
579 0.022300 0.951500 0.026200
636 0.024800 0.940800 0.034400
700 0.024400 0.929400 0.046200
770 0.032900 0.916900 0.050200
847 0.023100 0.906400 0.070500
931 0.025300 0.878800 0.095900
1025 0.037700 0.844600 0.117700
1127 0.043700 0.809700 0.146600
1240 0.060200 0.756100 0.183700
1364 0.065900 0.689200 0.244900
1500 0.083900 0.609900 0.306200
1650 0.106400 0.547000 0.346600
1815 0.099300 0.444500 0.456200
1996 0.110400 0.342100 0.547500
2196 0.153200 0.186100 0.660700
2415 0.152200 0.092600 0.755200
2657 0.217500 0.001300 0.781200
2922 0.160600 0.000000 0.839400
3215 0.160600 0.000000 0.839400
3536 0.160600 0.000000 0.839400
3889 0.160600 0.000000 0.839400
4278 0.160600 0.000000 0.839400
4706 0.160600 0.000000 0.839400
5177 0.160600 0.000000 0.839400
5694 0.160600 0.000000 0.839400
6264 0.160600 0.000000 0.839400
6890 0.160600 0.000000 0.839400
7579 0.160600 0.000000 0.839400
8337 0.160600 0.000000 0.839400
9170 0.160600 0.000000 0.839400
10087 0.160600 0.000000 0.839400
11096 0.160600 0.000000 0.839400
12206 0.160600 0.000000 0.839400
13426 0.160600 0.000000 0.839400
14769 0.160600 0.000000 0.839400
16246 0.160600 0.000000 0.839400
17870 0.160600 0.000000 0.839400
19657 0.160600 0.000000 0.839400
21623 0.160600 0.000000 0.839400
23785 0.160600 0.000000 0.839400
26163 0.160600 0.000000 0.839400
28780 0.160600 0.000000 0.839400
31658 0.160600 0.000000 0.839400
34823 0.160600 0.000000 0.839400
38306 0.160600 0.000000 0.839400
42136 0.160600 0.000000 0.839400
46350 0.160600 0.000000 0.839400
50985 0.160600 0.000000 0.839400
56083 0.160600 0.000000 0.839400
61691 0.160600 0.000000 0.839400
67860 0.160600 0.000000 0.839400
74646 0.160600 0.000000 0.839400
82111 0.160600 0.000000 0.839400
90322 0.160600 0.000000 0.839400
99354 0.160600 0.000000 0.839400
