0.010000 0.247900 0.506000 0.246100
1 0.247900 0.506000 0.246100
2 0.183600 0.647300 0.169100
3 0.146200 0.736700 0.117100
4 0.115500 0.797100 0.087400
5 0.093300 0.839100 0.067600
6 0.085000 0.860800 0.054200
7 0.072800 0.879500 0.047700
8 0.065500 0.891700 0.042800
9 0.062000 0.900000 0.038000
10 0.058100 0.906000 0.035900
11 0.052600 0.914900 0.032500
13 0.046900 0.924900 0.028200
14 0.045500 0.928500 0.026000
16 0.040400 0.936600 0.023000
17 0.040000 0.936900 0.023100
19 0.035900 0.940800 0.023300
21 0.033000 0.945700 0.021300
23 0.029100 0.949700 0.021200
25 0.025300 0.952400 0.022300
28 0.021500 0.955700 0.022800
31 0.017100 0.958800 0.024100
34 0.015400 0.958700 0.025900
37 0.017400 0.956300 0.026300
41 0.018000 0.956700 0.025300
45 0.013300 0.961900 0.024800
49 0.008200 0.967700 0.024100
54 0.003800 0.969900 0.026300
59 0.001800 0.968500 0.029700
65 0.001600 0.965800 0.032600
72 0.000100 0.966800 0.033100
79 0.000000 0.966300 0.033700
86 0.000000 0.960000 0.040000
95 0.000000 0.958500 0.041500
104 0.000000 0.957000 0.043000
115 0.000000 0.955700 0.044300
126 0.000000 0.953200 0.046800
139 0.000000 0.953200 0.046800
153 0.000000 0.948500 0.051500
168 0.000000 0.945900 0.054100
185 0.000000 0.943600 0.056400
203 0.000000 0.941800 0.058200
223 0.000000 0.936700 0.063300
246 0.000000 0.921600 0.078400
270 0.000000 0.917300 0.082700
297 0.000000 0.911000 0.089000
327 0.000000 0.898000 0.102000
359 0.000000 0.886800 0.113200
395 0.000000 0.876000 0.124000
435 0.000000 0.871400 0.128600
478 0.000000 0.855600 0.144400
526 0.000000 0.840800 0.159200
579 0.000000 0.825600 0.174400
636 0.000000 0.839900 0.160100
700 0.000000 0.821700 0.178300
770 0.000000 0.793400 0.206600
847 0.000000 0.780000 0.220000
931 0.000000 0.778000 0.222000
1025 0.000000 0.792300 0.207700
1127 0.000000 0.782200 0.217800
1240 0.000000 0.773000 0.227000
1364 0.000000 0.755900 0.244100
1500 0.000000 0.713500 0.286500
1650 0.000000 0.645400 0.354600
1815 0.000000 0.633300 0.366700
1996 0.000000 0.645200 0.354800
2196 0.000000 0.595700 0.404300
2415 0.000000 0.529700 0.470300
2657 0.000000 0.557700 0.442300
2922 0.000000 0.567200 0.432800
3215 0.000000 0.553200 0.446800
3536 0.000000 0.558600 0.441400
3889 0.000000 0.572700 0.427300
4278 0.000000 0.548800 0.451200
4706 0.000000 0.539100 0.460900
5177 0.000000 0.576100 0.423900
5694 0.000000 0.587900 0.412100
6264 0.000000 0.556300 0.443700
6890 0.000000 0.601200 0.398800
7579 0.000000 0.543100 0.456900
8337 0.000000 0.551200 0.448800
9170 0.000000 0.550600 0.449400
10087 0.000000 0.575900 0.424100
11096 0.000000 0.625200 0.374800
12206 0.000000 0.601600 0.398400
13426 0.000000 0.626500 0.373500
14769 0.000000 0.561200 0.438800
16246 0.000000 0.566700 0.433300
17870 0.000000 0.536700 0.463300
19657 0.000000 0.577700 0.422300
21623 0.000000 0.586900 0.413100
23785 0.000000 0.585900 0.414100
26163 0.000000 0.534500 0.465500
28780 0.000000 0.535100 0.464900
31658 0.000000 0.600500 0.399500
34823 0.000000 0.594500 0.405500
38306 0.000000 0.607500 0.392500
42136 0.000000 0.588700 0.411300
46350 0.000000 0.587900 0.412100
50985 0.000000 0.589000 0.411000
56083 0.000000 0.595600 0.404400
61691 0.000000 0.543400 0.456600
67860 0.000000 0.548600 0.451400
74646 0.000000 0.602200 0.397800
82111 0.000000 0.571800 0.428200
90322 0.000000 0.567500 0.432500
99354 0.000000 0.539900 0.460100
