0.010000 0.248600 0.499900 0.251500
1 0.248600 0.499900 0.251500
2 0.200300 0.629000 0.170700
3 0.162800 0.718400 0.118800
4 0.137300 0.776300 0.086400
5 0.116400 0.818400 0.065200
6 0.098300 0.847400 0.054300
7 0.084500 0.868900 0.046600
8 0.078400 0.881600 0.040000
9 0.072000 0.891100 0.036900
10 0.065900 0.903300 0.030800
11 0.061000 0.910900 0.028100
13 0.055500 0.918500 0.026000
14 0.050800 0.923400 0.025800
16 0.047600 0.930000 0.022400
17 0.045900 0.932000 0.022100
19 0.043100 0.938100 0.018800
21 0.040200 0.942200 0.017600
23 0.034600 0.947100 0.018300
25 0.034300 0.949000 0.016700
28 0.031000 0.951600 0.017400
31 0.026900 0.954600 0.018500
34 0.023900 0.956900 0.019200
37 0.019500 0.962200 0.018300
41 0.012900 0.967800 0.019300
45 0.011500 0.969300 0.019200
49 0.009900 0.969200 0.020900
54 0.010300 0.966000 0.023700
59 0.009300 0.963800 0.026900
65 0.007400 0.962400 0.030200
72 0.006500 0.958500 0.035000
79 0.006100 0.957200 0.036700
86 0.005800 0.951100 0.043100
95 0.004800 0.945900 0.049300
104 0.003500 0.939300 0.057200
115 0.000000 0.933700 0.066300
126 0.000000 0.923300 0.076700
139 0.000000 0.909600 0.090400
153 0.000000 0.893100 0.106900
168 0.000000 0.881000 0.119000
185 0.000000 0.857300 0.142700
203 0.000000 0.828500 0.171500
223 0.000000 0.794500 0.205500
246 0.000000 0.753100 0.246900
270 0.000000 0.720800 0.279200
297 0.000000 0.675200 0.324800
327 0.000000 0.636800 0.363200
359 0.000000 0.579700 0.420300
395 0.000000 0.527500 0.472500
435 0.000000 0.476800 0.523200
478 0.000000 0.432900 0.567100
526 0.000000 0.369800 0.630200
579 0.000000 0.291600 0.708400
636 0.000000 0.213500 0.786500
700 0.000000 0.133800 0.866200
770 0.000000 0.067700 0.932300
847 0.000000 0.041400 0.958600
931 0.000000 0.035300 0.964700
1025 0.000000 0.033800 0.966200
1127 0.000000 0.032200 0.967800
1240 0.000000 0.037100 0.962900
1364 0.000000 0.036200 0.963800
1500 0.000000 0.028800 0.971200
1650 0.000000 0.024200 0.975800
1815 0.000000 0.034600 0.965400
1996 0.000000 0.028800 0.971200
2196 0.000000 0.031200 0.968800
2415 0.000000 0.021800 0.978200
2657 0.000000 0.023200 0.976800
2922 0.000000 0.022300 0.977700
3215 0.000000 0.026600 0.973400
3536 0.000000 0.025200 0.974800
3889 0.000000 0.027700 0.972300
4278 0.000000 0.045400 0.954600
4706 0.000000 0.030900 0.969100
5177 0.000000 0.030600 0.969400
5694 0.000000 0.034700 0.965300
6264 0.000000 0.041700 0.958300
6890 0.000000 0.031200 0.968800
7579 0.000000 0.025500 0.974500
8337 0.000000 0.032500 0.967500
9170 0.000000 0.031400 0.968600
10087 0.000000 0.030700 0.969300
11096 0.000000 0.040300 0.959700
12206 0.000000 0.037100 0.962900
13426 0.000000 0.035500 0.964500
14769 0.000000 0.024300 0.975700
16246 0.000000 0.028700 0.971300
17870 0.000000 0.028700 0.971300
19657 0.000000 0.031300 0.968700
21623 0.000000 0.028300 0.971700
23785 0.000000 0.031300 0.968700
26163 0.000000 0.036500 0.963500
28780 0.000000 0.032100 0.967900
31658 0.000000 0.023900 0.976100
34823 0.000000 0.031900 0.968100
38306 0.000000 0.027800 0.972200
42136 0.000000 0.020600 0.979400
46350 0.000000 0.032100 0.967900
50985 0.000000 0.025400 0.974600
56083 0.000000 0.035300 0.964700
61691 0.000000 0.032700 0.967300
67860 0.000000 0.031300 0.968700
74646 0.000000 0.031800 0.968200
82111 0.000000 0.035700 0.964300
90322 0.000000 0.033300 0.966700
99354 0.000000 0.026600 0.973400
