0.010000 0.246300 0.499200 0.254500
1 0.246300 0.499200 0.254500
2 0.217600 0.615400 0.167000
3 0.199800 0.683600 0.116600
4 0.180600 0.728200 0.091200
5 0.172000 0.753500 0.074500
6 0.158000 0.779100 0.062900
7 0.148300 0.795000 0.056700
8 0.138900 0.808800 0.052300
9 0.132700 0.820200 0.047100
10 0.127300 0.830200 0.042500
11 0.122400 0.835800 0.041800
13 0.113100 0.844300 0.042600
14 0.115100 0.845500 0.039400
16 0.114200 0.850800 0.035000
17 0.111000 0.855000 0.034000
19 0.101000 0.865000 0.034000
21 0.094900 0.874300 0.030800
23 0.090400 0.881000 0.028600
25 0.084700 0.886600 0.028700
28 0.077800 0.895700 0.026500
31 0.077400 0.899700 0.022900
34 0.072700 0.906200 0.021100
37 0.066600 0.912500 0.020900
41 0.066500 0.915900 0.017600
45 0.062500 0.921200 0.016300
49 0.058400 0.923500 0.018100
54 0.055100 0.928200 0.016700
59 0.050100 0.932400 0.017500
65 0.046700 0.934700 0.018600
72 0.046800 0.935900 0.017300
79 0.037800 0.939700 0.022500
86 0.027300 0.949700 0.023000
95 0.019300 0.954700 0.026000
104 0.015400 0.959000 0.025600
115 0.018400 0.954700 0.026900
126 0.017600 0.951700 0.030700
139 0.021000 0.950100 0.028900
153 0.017900 0.950300 0.031800
168 0.016800 0.951500 0.031700
185 0.018700 0.954700 0.026600
203 0.024100 0.949800 0.026100
223 0.022700 0.949300 0.028000
246 0.018500 0.944300 0.037200
270 0.029300 0.928300 0.042400
297 0.028400 0.921700 0.049900
327 0.029900 0.903000 0.067100
359 0.039000 0.886600 0.074400
395 0.048800 0.871700 0.079500
435 0.037200 0.872600 0.090200
478 0.035400 0.853100 0.111500
526 0.046300 0.840600 0.113100
579 0.056500 0.813700 0.129800
636 0.049500 0.776200 0.174300
700 0.048100 0.747400 0.204500
770 0.048800 0.709400 0.241800
847 0.084600 0.673700 0.241700
931 0.066200 0.630900 0.302900
1025 0.080900 0.587000 0.332100
1127 0.079500 0.518500 0.402000
1240 0.127200 0.459400 0.413400
1364 0.135300 0.359900 0.504800
1500 0.167700 0.267300 0.565000
1650 0.153300 0.190300 0.656400
1815 0.169100 0.071000 0.759900
1996 0.177900 0.011000 0.811100
2196 0.197000 0.000000 0.803000
2415 0.197000 0.000000 0.803000
2657 0.197000 0.000000 0.803000
2922 0.197000 0.000000 0.803000
3215 0.197000 0.000000 0.803000
3536 0.197000 0.000000 0.803000
3889 0.197000 0.000000 0.803000
4278 0.197000 0.000000 0.803000
4706 0.197000 0.000000 0.803000
5177 0.197000 0.000000 0.803000
5694 0.197000 0.000000 0.803000
6264 0.197000 0.000000 0.803000
6890 0.197000 0.000000 0.803000
7579 0.197000 0.000000 0.803000
8337 0.197000 0.000000 0.803000
9170 0.197000 0.000000 0.803000
10087 0.197000 0.000000 0.803000
11096 0.197000 0.000000 0.803000
12206 0.197000 0.000000 0.803000
13426 0.197000 0.000000 0.803000
14769 0.197000 0.000000 0.803000
16246 0.197000 0.000000 0.803000
17870 0.197000 0.000000 0.803000
19657 0.197000 0.000000 0.803000
21623 0.197000 0.000000 0.803000
23785 0.197000 0.000000 0.803000
26163 0.197000 0.000000 0.803000
28780 0.197000 0.000000 0.803000
31658 0.197000 0.000000 0.803000
34823 0.197000 0.000000 0.803000
38306 0.197000 0.000000 0.803000
42136 0.197000 0.000000 0.803000
46350 0.197000 0.000000 0.803000
50985 0.197000 0.000000 0.803000
56083 0.197000 0.000000 0.803000
61691 0.197000 0.000000 0.803000
67860 0.197000 0.000000 0.803000
74646 0.197000 0.000000 0.803000
82111 0.197000 0.000000 0.803000
90322 0.197000 0.000000 0.803000
99354 0.197000 0.000000 0.803000
