0.010000 0.251700 0.499300 0.249000
1 0.251700 0.499300 0.249000
2 0.208100 0.622700 0.169200
3 0.164600 0.716500 0.118900
4 0.137800 0.774200 0.088000
5 0.117700 0.816100 0.066200
6 0.098700 0.845300 0.056000
7 0.086000 0.864900 0.049100
8 0.078400 0.878000 0.043600
9 0.071300 0.887400 0.041300
10 0.067600 0.896500 0.035900
11 0.063900 0.901200 0.034900
13 0.059400 0.907800 0.032800
14 0.058300 0.909300 0.032400
16 0.055800 0.912900 0.031300
17 0.053000 0.917200 0.029800
19 0.051500 0.921700 0.026800
21 0.046000 0.929200 0.024800
23 0.041400 0.933800 0.024800
25 0.039600 0.935300 0.025100
28 0.038400 0.935900 0.025700
31 0.033300 0.939300 0.027400
34 0.026000 0.943700 0.030300
37 0.021300 0.947200 0.031500
41 0.017500 0.948900 0.033600
45 0.017900 0.946700 0.035400
49 0.016000 0.952000 0.032000
54 0.013100 0.954400 0.032500
59 0.012300 0.956500 0.031200
65 0.008200 0.961400 0.030400
72 0.005400 0.959700 0.034900
79 0.003500 0.956200 0.040300
86 0.001000 0.953500 0.045500
95 0.001200 0.950200 0.048600
104 0.001200 0.941000 0.057800
115 0.000000 0.931700 0.068300
126 0.000000 0.922100 0.077900
139 0.000000 0.907900 0.092100
153 0.000000 0.892600 0.107400
168 0.000000 0.876500 0.123500
185 0.000000 0.853900 0.146100
203 0.000000 0.826500 0.173500
223 0.000000 0.781800 0.218200
246 0.000000 0.735600 0.264400
270 0.000000 0.678800 0.321200
297 0.000000 0.613000 0.387000
327 0.000000 0.540400 0.459600
359 0.000000 0.455900 0.544100
395 0.000000 0.379800 0.620200
435 0.000000 0.286000 0.714000
478 0.000000 0.189300 0.810700
526 0.000000 0.114300 0.885700
579 0.000000 0.067500 0.932500
636 0.000000 0.041200 0.958800
700 0.000000 0.034200 0.965800
770 0.000000 0.032300 0.967700
847 0.000000 0.037000 0.963000
931 0.000000 0.033900 0.966100
1025 0.000000 0.032100 0.967900
1127 0.000000 0.034500 0.965500
1240 0.000000 0.028100 0.971900
1364 0.000000 0.029800 0.970200
1500 0.000000 0.030400 0.969600
1650 0.000000 0.028800 0.971200
1815 0.000000 0.030600 0.969400
1996 0.000000 0.020100 0.979900
2196 0.000000 0.022000 0.978000
2415 0.000000 0.019100 0.980900
2657 0.000000 0.026900 0.973100
2922 0.000000 0.022100 0.977900
3215 0.000000 0.025100 0.974900
3536 0.000000 0.027700 0.972300
3889 0.000000 0.032600 0.967400
4278 0.000000 0.034400 0.965600
4706 0.000000 0.030300 0.969700
5177 0.000000 0.024700 0.975300
5694 0.000000 0.027900 0.972100
6264 0.000000 0.033300 0.966700
6890 0.000000 0.022100 0.977900
7579 0.000000 0.027800 0.972200
8337 0.000000 0.027600 0.972400
9170 0.000000 0.022400 0.977600
10087 0.000000 0.028500 0.971500
11096 0.000000 0.032800 0.967200
12206 0.000000 0.038300 0.961700
13426 0.000000 0.030100 0.969900
14769 0.000000 0.030100 0.969900
16246 0.000000 0.027000 0.973000
17870 0.000000 0.027100 0.972900
19657 0.000000 0.033600 0.966400
21623 0.000000 0.034400 0.965600
23785 0.000000 0.036500 0.963500
26163 0.000000 0.029600 0.970400
28780 0.000000 0.023000 0.977000
31658 0.000000 0.026100 0.973900
34823 0.000000 0.023900 0.976100
38306 0.000000 0.029300 0.970700
42136 0.000000 0.027500 0.972500
46350 0.000000 0.034100 0.965900
50985 0.000000 0.033000 0.967000
56083 0.000000 0.035400 0.964600
61691 0.000000 0.029400 0.970600
67860 0.000000 0.025800 0.974200
74646 0.000000 0.023500 0.976500
82111 0.000000 0.030000 0.970000
90322 0.000000 0.029500 0.970500
99354 0.000000 0.033700 0.966300
0.010000 0.255300 0.493500 0.251200
1 0.255300 0.493500 0.251200
2 0.196900 0.627400 0.175700
3 0.162000 0.715000 0.123000
4 0.135500 0.770600 0.093900
5 0.119200 0.804900 0.075900
6 0.104100 0.832100 0.063800
7 0.092400 0.853100 0.054500
8 0.077900 0.876200 0.045900
9 0.069400 0.887700 0.042900
10 0.063400 0.896900 0.039700
11 0.055500 0.905400 0.039100
13 0.046600 0.917400 0.036000
14 0.044000 0.919800 0.036200
16 0.037200 0.926300 0.036500
17 0.034400 0.929300 0.036300
19 0.030200 0.934000 0.035800
21 0.028000 0.935400 0.036600
23 0.026400 0.937900 0.035700
25 0.023700 0.940500 0.035800
28 0.021200 0.940700 0.038100
31 0.021700 0.941800 0.036500
34 0.017700 0.946100 0.036200
37 0.015400 0.946300 0.038300
41 0.014200 0.947200 0.038600
45 0.015200 0.945900 0.038900
49 0.013600 0.947000 0.039400
54 0.012400 0.947800 0.039800
59 0.011600 0.946900 0.041500
65 0.008700 0.944200 0.047100
72 0.005100 0.939300 0.055600
79 0.002200 0.933600 0.064200
86 0.001400 0.931800 0.066800
95 0.001200 0.923600 0.075200
104 0.001600 0.915900 0.082500
115 0.000000 0.903700 0.096300
126 0.000000 0.888300 0.111700
139 0.000000 0.872600 0.127400
153 0.000000 0.857700 0.142300
168 0.000000 0.835200 0.164800
185 0.000000 0.796800 0.203200
203 0.000000 0.763500 0.236500
223 0.000000 0.726500 0.273500
246 0.000000 0.683300 0.316700
270 0.000000 0.628000 0.372000
297 0.000000 0.579700 0.420300
327 0.000000 0.509800 0.490200
359 0.000000 0.455200 0.544800
395 0.000000 0.393600 0.606400
435 0.000000 0.332800 0.667200
478 0.000000 0.261700 0.738300
526 0.000000 0.203400 0.796600
579 0.000000 0.137600 0.862400
636 0.000000 0.093700 0.906300
700 0.000000 0.043300 0.956700
770 0.000000 0.043400 0.956600
847 0.000000 0.022600 0.977400
931 0.000000 0.030400 0.969600
1025 0.000000 0.022500 0.977500
1127 0.000000 0.025300 0.974700
1240 0.000000 0.030700 0.969300
1364 0.000000 0.022800 0.977200
1500 0.000000 0.026200 0.973800
1650 0.000000 0.030900 0.969100
1815 0.000000 0.024800 0.975200
1996 0.000000 0.024000 0.976000
2196 0.000000 0.031300 0.968700
2415 0.000000 0.028000 0.972000
2657 0.000000 0.022400 0.977600
2922 0.000000 0.026200 0.973800
3215 0.000000 0.033500 0.966500
3536 0.000000 0.023400 0.976600
3889 0.000000 0.030000 0.970000
4278 0.000000 0.037900 0.962100
4706 0.000000 0.032400 0.967600
5177 0.000000 0.034700 0.965300
5694 0.000000 0.023400 0.976600
6264 0.000000 0.027600 0.972400
6890 0.000000 0.023700 0.976300
7579 0.000000 0.025900 0.974100
8337 0.000000 0.024500 0.975500
9170 0.000000 0.035600 0.964400
10087 0.000000 0.029000 0.971000
11096 0.000000 0.032700 0.967300
12206 0.000000 0.038100 0.961900
13426 0.000000 0.026300 0.973700
14769 0.000000 0.030900 0.969100
16246 0.000000 0.023700 0.976300
17870 0.000000 0.031900 0.968100
19657 0.000000 0.031900 0.968100
21623 0.000000 0.033300 0.966700
23785 0.000000 0.028900 0.971100
26163 0.000000 0.037000 0.963000
28780 0.000000 0.030300 0.969700
31658 0.000000 0.035000 0.965000
34823 0.000000 0.026900 0.973100
38306 0.000000 0.025800 0.974200
42136 0.000000 0.036300 0.963700
46350 0.000000 0.025600 0.974400
50985 0.000000 0.025900 0.974100
56083 0.000000 0.026500 0.973500
61691 0.000000 0.026200 0.973800
67860 0.000000 0.028400 0.971600
74646 0.000000 0.034400 0.965600
82111 0.000000 0.025500 0.974500
90322 0.000000 0.031800 0.968200
99354 0.000000 0.028100 0.971900
0.010000 0.249500 0.502800 0.247700
1 0.249500 0.502800 0.247700
2 0.194400 0.635200 0.170400
3 0.152900 0.726000 0.121100
4 0.126200 0.784500 0.089300
5 0.108500 0.820600 0.070900
6 0.095800 0.843500 0.060700
7 0.089800 0.858300 0.051900
8 0.082500 0.874900 0.042600
9 0.078600 0.883000 0.038400
10 0.073400 0.891600 0.035000
11 0.065300 0.901000 0.033700
13 0.057200 0.914900 0.027900
14 0.054800 0.918300 0.026900
16 0.047300 0.928000 0.024700
17 0.041100 0.932700 0.026200
19 0.039000 0.935900 0.025100
21 0.036800 0.937300 0.025900
23 0.037200 0.939400 0.023400
25 0.032300 0.945600 0.022100
28 0.031100 0.949100 0.019800
31 0.029600 0.948300 0.022100
34 0.025400 0.951700 0.022900
37 0.020700 0.956000 0.023300
41 0.017100 0.958300 0.024600
45 0.014300 0.959600 0.026100
49 0.011800 0.958600 0.029600
54 0.006500 0.963500 0.030000
59 0.003900 0.962100 0.034000
65 0.002900 0.959900 0.037200
72 0.001700 0.954900 0.043400
79 0.000900 0.952000 0.047100
86 0.000500 0.947100 0.052400
95 0.000000 0.942700 0.057300
104 0.000000 0.936600 0.063400
115 0.000000 0.922400 0.077600
126 0.000000 0.911700 0.088300
139 0.000000 0.892700 0.107300
153 0.000000 0.872500 0.127500
168 0.000000 0.851500 0.148500
185 0.000000 0.829500 0.170500
203 0.000000 0.804700 0.195300
223 0.000000 0.764200 0.235800
246 0.000000 0.720600 0.279400
270 0.000000 0.680200 0.319800
297 0.000000 0.632000 0.368000
327 0.000000 0.585600 0.414400
359 0.000000 0.548500 0.451500
395 0.000000 0.500300 0.499700
435 0.000000 0.447800 0.552200
478 0.000000 0.400500 0.599500
526 0.000000 0.338000 0.662000
579 0.000000 0.267300 0.732700
636 0.000000 0.183700 0.816300
700 0.000000 0.109800 0.890200
770 0.000000 0.060300 0.939700
847 0.000000 0.035000 0.965000
931 0.000000 0.034700 0.965300
1025 0.000000 0.035800 0.964200
1127 0.000000 0.033100 0.966900
1240 0.000000 0.030900 0.969100
1364 0.000000 0.042000 0.958000
1500 0.000000 0.027800 0.972200
1650 0.000000 0.034600 0.965400
1815 0.000000 0.035100 0.964900
1996 0.000000 0.034100 0.965900
2196 0.000000 0.030400 0.969600
2415 0.000000 0.033600 0.966400
2657 0.000000 0.027100 0.972900
2922 0.000000 0.027800 0.972200
3215 0.000000 0.024800 0.975200
3536 0.000000 0.028200 0.971800
3889 0.000000 0.023900 0.976100
4278 0.000000 0.033700 0.966300
4706 0.000000 0.031500 0.968500
5177 0.000000 0.033300 0.966700
5694 0.000000 0.031200 0.968800
6264 0.000000 0.027800 0.972200
6890 0.000000 0.027900 0.972100
7579 0.000000 0.026300 0.973700
8337 0.000000 0.034400 0.965600
9170 0.000000 0.029900 0.970100
10087 0.000000 0.030000 0.970000
11096 0.000000 0.036400 0.963600
12206 0.000000 0.028000 0.972000
13426 0.000000 0.034600 0.965400
14769 0.000000 0.026000 0.974000
16246 0.000000 0.026800 0.973200
17870 0.000000 0.034800 0.965200
19657 0.000000 0.034600 0.965400
21623 0.000000 0.033900 0.966100
23785 0.000000 0.028500 0.971500
26163 0.000000 0.029700 0.970300
28780 0.000000 0.024600 0.975400
31658 0.000000 0.031200 0.968800
34823 0.000000 0.027900 0.972100
38306 0.000000 0.034800 0.965200
42136 0.000000 0.025500 0.974500
46350 0.000000 0.029400 0.970600
50985 0.000000 0.026500 0.973500
56083 0.000000 0.030800 0.969200
61691 0.000000 0.037900 0.962100
67860 0.000000 0.028000 0.972000
74646 0.000000 0.025700 0.974300
82111 0.000000 0.031100 0.968900
90322 0.000000 0.024400 0.975600
99354 0.000000 0.034600 0.965400
0.010000 0.248600 0.499900 0.251500
1 0.248600 0.499900 0.251500
2 0.200300 0.629000 0.170700
3 0.162800 0.718400 0.118800
4 0.137300 0.776300 0.086400
5 0.116400 0.818400 0.065200
6 0.098300 0.847400 0.054300
7 0.084500 0.868900 0.046600
8 0.078400 0.881600 0.040000
9 0.072000 0.891100 0.036900
10 0.065900 0.903300 0.030800
11 0.061000 0.910900 0.028100
13 0.055500 0.918500 0.026000
14 0.050800 0.923400 0.025800
16 0.047600 0.930000 0.022400
17 0.045900 0.932000 0.022100
19 0.043100 0.938100 0.018800
21 0.040200 0.942200 0.017600
23 0.034600 0.947100 0.018300
25 0.034300 0.949000 0.016700
28 0.031000 0.951600 0.017400
31 0.026900 0.954600 0.018500
34 0.023900 0.956900 0.019200
37 0.019500 0.962200 0.018300
41 0.012900 0.967800 0.019300
45 0.011500 0.969300 0.019200
49 0.009900 0.969200 0.020900
54 0.010300 0.966000 0.023700
59 0.009300 0.963800 0.026900
65 0.007400 0.962400 0.030200
72 0.006500 0.958500 0.035000
79 0.006100 0.957200 0.036700
86 0.005800 0.951100 0.043100
95 0.004800 0.945900 0.049300
104 0.003500 0.939300 0.057200
115 0.000000 0.933700 0.066300
126 0.000000 0.923300 0.076700
139 0.000000 0.909600 0.090400
153 0.000000 0.893100 0.106900
168 0.000000 0.881000 0.119000
185 0.000000 0.857300 0.142700
203 0.000000 0.828500 0.171500
223 0.000000 0.794500 0.205500
246 0.000000 0.753100 0.246900
270 0.000000 0.720800 0.279200
297 0.000000 0.675200 0.324800
327 0.000000 0.636800 0.363200
359 0.000000 0.579700 0.420300
395 0.000000 0.527500 0.472500
435 0.000000 0.476800 0.523200
478 0.000000 0.432900 0.567100
526 0.000000 0.369800 0.630200
579 0.000000 0.291600 0.708400
636 0.000000 0.213500 0.786500
700 0.000000 0.133800 0.866200
770 0.000000 0.067700 0.932300
847 0.000000 0.041400 0.958600
931 0.000000 0.035300 0.964700
1025 0.000000 0.033800 0.966200
1127 0.000000 0.032200 0.967800
1240 0.000000 0.037100 0.962900
1364 0.000000 0.036200 0.963800
1500 0.000000 0.028800 0.971200
1650 0.000000 0.024200 0.975800
1815 0.000000 0.034600 0.965400
1996 0.000000 0.028800 0.971200
2196 0.000000 0.031200 0.968800
2415 0.000000 0.021800 0.978200
2657 0.000000 0.023200 0.976800
2922 0.000000 0.022300 0.977700
3215 0.000000 0.026600 0.973400
3536 0.000000 0.025200 0.974800
3889 0.000000 0.027700 0.972300
4278 0.000000 0.045400 0.954600
4706 0.000000 0.030900 0.969100
5177 0.000000 0.030600 0.969400
5694 0.000000 0.034700 0.965300
6264 0.000000 0.041700 0.958300
6890 0.000000 0.031200 0.968800
7579 0.000000 0.025500 0.974500
8337 0.000000 0.032500 0.967500
9170 0.000000 0.031400 0.968600
10087 0.000000 0.030700 0.969300
11096 0.000000 0.040300 0.959700
12206 0.000000 0.037100 0.962900
13426 0.000000 0.035500 0.964500
14769 0.000000 0.024300 0.975700
16246 0.000000 0.028700 0.971300
17870 0.000000 0.028700 0.971300
19657 0.000000 0.031300 0.968700
21623 0.000000 0.028300 0.971700
23785 0.000000 0.031300 0.968700
26163 0.000000 0.036500 0.963500
28780 0.000000 0.032100 0.967900
31658 0.000000 0.023900 0.976100
34823 0.000000 0.031900 0.968100
38306 0.000000 0.027800 0.972200
42136 0.000000 0.020600 0.979400
46350 0.000000 0.032100 0.967900
50985 0.000000 0.025400 0.974600
56083 0.000000 0.035300 0.964700
61691 0.000000 0.032700 0.967300
67860 0.000000 0.031300 0.968700
74646 0.000000 0.031800 0.968200
82111 0.000000 0.035700 0.964300
90322 0.000000 0.033300 0.966700
99354 0.000000 0.026600 0.973400
0.010000 0.256400 0.495200 0.248400
1 0.256400 0.495200 0.248400
2 0.203400 0.627500 0.169100
3 0.159900 0.718100 0.122000
4 0.140500 0.768900 0.090600
5 0.121400 0.805800 0.072800
6 0.112000 0.829600 0.058400
7 0.099200 0.849600 0.051200
8 0.087400 0.866300 0.046300
9 0.080700 0.879100 0.040200
10 0.076500 0.888300 0.035200
11 0.072200 0.892800 0.035000
13 0.063100 0.902400 0.034500
14 0.059700 0.907800 0.032500
16 0.055200 0.913200 0.031600
17 0.051800 0.917300 0.030900
19 0.047700 0.918700 0.033600
21 0.045500 0.922100 0.032400
23 0.042700 0.922000 0.035300
25 0.037800 0.927800 0.034400
28 0.036800 0.929100 0.034100
31 0.030600 0.934300 0.035100
34 0.029200 0.935800 0.035000
37 0.024200 0.939700 0.036100
41 0.020500 0.941200 0.038300
45 0.017800 0.943000 0.039200
49 0.014100 0.943800 0.042100
54 0.011000 0.944900 0.044100
59 0.009400 0.944300 0.046300
65 0.005400 0.945100 0.049500
72 0.001900 0.941300 0.056800
79 0.001900 0.937200 0.060900
86 0.000700 0.929700 0.069600
95 0.000400 0.919500 0.080100
104 0.000000 0.912800 0.087200
115 0.000000 0.900500 0.099500
126 0.000000 0.892200 0.107800
139 0.000000 0.875700 0.124300
153 0.000000 0.859700 0.140300
168 0.000000 0.839000 0.161000
185 0.000000 0.813400 0.186600
203 0.000000 0.784100 0.215900
223 0.000000 0.748200 0.251800
246 0.000000 0.705400 0.294600
270 0.000000 0.660200 0.339800
297 0.000000 0.612200 0.387800
327 0.000000 0.560100 0.439900
359 0.000000 0.500700 0.499300
395 0.000000 0.431800 0.568200
435 0.000000 0.362700 0.637300
478 0.000000 0.299200 0.700800
526 0.000000 0.239200 0.760800
579 0.000000 0.183500 0.816500
636 0.000000 0.136700 0.863300
700 0.000000 0.091200 0.908800
770 0.000000 0.063300 0.936700
847 0.000000 0.038600 0.961400
931 0.000000 0.036100 0.963900
1025 0.000000 0.032800 0.967200
1127 0.000000 0.026700 0.973300
1240 0.000000 0.032000 0.968000
1364 0.000000 0.027100 0.972900
1500 0.000000 0.029100 0.970900
1650 0.000000 0.028100 0.971900
1815 0.000000 0.028700 0.971300
1996 0.000000 0.029800 0.970200
2196 0.000000 0.024900 0.975100
2415 0.000000 0.022100 0.977900
2657 0.000000 0.023600 0.976400
2922 0.000000 0.019900 0.980100
3215 0.000000 0.023700 0.976300
3536 0.000000 0.027200 0.972800
3889 0.000000 0.031300 0.968700
4278 0.000000 0.025300 0.974700
4706 0.000000 0.028400 0.971600
5177 0.000000 0.024100 0.975900
5694 0.000000 0.026900 0.973100
6264 0.000000 0.032400 0.967600
6890 0.000000 0.027800 0.972200
7579 0.000000 0.029700 0.970300
8337 0.000000 0.025900 0.974100
9170 0.000000 0.035600 0.964400
10087 0.000000 0.027900 0.972100
11096 0.000000 0.036300 0.963700
12206 0.000000 0.026700 0.973300
13426 0.000000 0.030200 0.969800
14769 0.000000 0.042800 0.957200
16246 0.000000 0.026400 0.973600
17870 0.000000 0.028000 0.972000
19657 0.000000 0.031800 0.968200
21623 0.000000 0.026700 0.973300
23785 0.000000 0.029500 0.970500
26163 0.000000 0.027900 0.972100
28780 0.000000 0.031500 0.968500
31658 0.000000 0.028200 0.971800
34823 0.000000 0.026500 0.973500
38306 0.000000 0.024000 0.976000
42136 0.000000 0.026200 0.973800
46350 0.000000 0.023100 0.976900
50985 0.000000 0.028200 0.971800
56083 0.000000 0.026300 0.973700
61691 0.000000 0.030400 0.969600
67860 0.000000 0.030800 0.969200
74646 0.000000 0.035100 0.964900
82111 0.000000 0.029000 0.971000
90322 0.000000 0.023400 0.976600
99354 0.000000 0.024300 0.975700
0.010000 0.252300 0.507600 0.240100
1 0.252300 0.507600 0.240100
2 0.194800 0.648800 0.156400
3 0.154300 0.731300 0.114400
4 0.122800 0.794000 0.083200
5 0.098300 0.835800 0.065900
6 0.085200 0.864300 0.050500
7 0.079700 0.879600 0.040700
8 0.071900 0.893200 0.034900
9 0.064100 0.903100 0.032800
10 0.061600 0.909100 0.029300
11 0.058400 0.913100 0.028500
13 0.053400 0.920300 0.026300
14 0.049000 0.925000 0.026000
16 0.046200 0.929200 0.024600
17 0.044400 0.933900 0.021700
19 0.038500 0.939400 0.022100
21 0.037000 0.939200 0.023800
23 0.034100 0.944000 0.021900
25 0.032800 0.945800 0.021400
28 0.029100 0.949800 0.021100
31 0.025900 0.951500 0.022600
34 0.022800 0.953700 0.023500
37 0.019200 0.956600 0.024200
41 0.019600 0.954600 0.025800
45 0.019000 0.952000 0.029000
49 0.016400 0.953700 0.029900
54 0.014100 0.951900 0.034000
59 0.010800 0.951000 0.038200
65 0.008100 0.947700 0.044200
72 0.009800 0.941900 0.048300
79 0.006900 0.939900 0.053200
86 0.005000 0.941600 0.053400
95 0.002400 0.943400 0.054200
104 0.001400 0.938500 0.060100
115 0.000100 0.928700 0.071200
126 0.000000 0.918500 0.081500
139 0.000000 0.907800 0.092200
153 0.000000 0.894200 0.105800
168 0.000000 0.877300 0.122700
185 0.000000 0.853900 0.146100
203 0.000000 0.836900 0.163100
223 0.000000 0.807100 0.192900
246 0.000000 0.774600 0.225400
270 0.000000 0.733700 0.266300
297 0.000000 0.695000 0.305000
327 0.000000 0.649900 0.350100
359 0.000000 0.597500 0.402500
395 0.000000 0.527500 0.472500
435 0.000000 0.459300 0.540700
478 0.000000 0.394300 0.605700
526 0.000000 0.324600 0.675400
579 0.000000 0.247800 0.752200
636 0.000000 0.168600 0.831400
700 0.000000 0.104500 0.895500
770 0.000000 0.070000 0.930000
847 0.000000 0.043500 0.956500
931 0.000000 0.032800 0.967200
1025 0.000000 0.035700 0.964300
1127 0.000000 0.032600 0.967400
1240 0.000000 0.035300 0.964700
1364 0.000000 0.028400 0.971600
1500 0.000000 0.023800 0.976200
1650 0.000000 0.024600 0.975400
1815 0.000000 0.023100 0.976900
1996 0.000000 0.029000 0.971000
2196 0.000000 0.029900 0.970100
2415 0.000000 0.024500 0.975500
2657 0.000000 0.024500 0.975500
2922 0.000000 0.020900 0.979100
3215 0.000000 0.022600 0.977400
3536 0.000000 0.024900 0.975100
3889 0.000000 0.028700 0.971300
4278 0.000000 0.023200 0.976800
4706 0.000000 0.029200 0.970800
5177 0.000000 0.023600 0.976400
5694 0.000000 0.033800 0.966200
6264 0.000000 0.031700 0.968300
6890 0.000000 0.019800 0.980200
7579 0.000000 0.030900 0.969100
8337 0.000000 0.029800 0.970200
9170 0.000000 0.028400 0.971600
10087 0.000000 0.032300 0.967700
11096 0.000000 0.026000 0.974000
12206 0.000000 0.028600 0.971400
13426 0.000000 0.030700 0.969300
14769 0.000000 0.033900 0.966100
16246 0.000000 0.027600 0.972400
17870 0.000000 0.036700 0.963300
19657 0.000000 0.031800 0.968200
21623 0.000000 0.021300 0.978700
23785 0.000000 0.032900 0.967100
26163 0.000000 0.026800 0.973200
28780 0.000000 0.038700 0.961300
31658 0.000000 0.031600 0.968400
34823 0.000000 0.028600 0.971400
38306 0.000000 0.032500 0.967500
42136 0.000000 0.029700 0.970300
46350 0.000000 0.034900 0.965100
50985 0.000000 0.026500 0.973500
56083 0.000000 0.027200 0.972800
61691 0.000000 0.035400 0.964600
67860 0.000000 0.033600 0.966400
74646 0.000000 0.025500 0.974500
82111 0.000000 0.034200 0.965800
90322 0.000000 0.030100 0.969900
99354 0.000000 0.025100 0.974900
0.010000 0.265000 0.489700 0.245300
1 0.265000 0.489700 0.245300
2 0.205100 0.632100 0.162800
3 0.164700 0.717600 0.117700
4 0.135100 0.776200 0.088700
5 0.112400 0.816000 0.071600
6 0.097700 0.844500 0.057800
7 0.086200 0.864000 0.049800
8 0.079100 0.879200 0.041700
9 0.072700 0.891400 0.035900
10 0.069800 0.897300 0.032900
11 0.069200 0.902400 0.028400
13 0.065600 0.911300 0.023100
14 0.064100 0.912100 0.023800
16 0.062300 0.916200 0.021500
17 0.061700 0.917600 0.020700
19 0.058700 0.921700 0.019600
21 0.051400 0.929000 0.019600
23 0.045700 0.934500 0.019800
25 0.041200 0.938000 0.020800
28 0.032400 0.947500 0.020100
31 0.028700 0.951200 0.020100
34 0.023600 0.957200 0.019200
37 0.019400 0.959700 0.020900
41 0.017000 0.961700 0.021300
45 0.014700 0.965600 0.019700
49 0.013800 0.966900 0.019300
54 0.009500 0.969600 0.020900
59 0.008000 0.968800 0.023200
65 0.005800 0.969300 0.024900
72 0.004800 0.966000 0.029200
79 0.002000 0.962200 0.035800
86 0.001000 0.955100 0.043900
95 0.000500 0.945600 0.053900
104 0.000000 0.942100 0.057900
115 0.000000 0.927800 0.072200
126 0.000000 0.917700 0.082300
139 0.000000 0.909300 0.090700
153 0.000000 0.896800 0.103200
168 0.000000 0.877900 0.122100
185 0.000000 0.855400 0.144600
203 0.000000 0.833100 0.166900
223 0.000000 0.804700 0.195300
246 0.000000 0.749800 0.250200
270 0.000000 0.713900 0.286100
297 0.000000 0.672900 0.327100
327 0.000000 0.617800 0.382200
359 0.000000 0.555400 0.444600
395 0.000000 0.476400 0.523600
435 0.000000 0.403400 0.596600
478 0.000000 0.328900 0.671100
526 0.000000 0.234700 0.765300
579 0.000000 0.154800 0.845200
636 0.000000 0.096600 0.903400
700 0.000000 0.062400 0.937600
770 0.000000 0.037900 0.962100
847 0.000000 0.034900 0.965100
931 0.000000 0.026800 0.973200
1025 0.000000 0.021800 0.978200
1127 0.000000 0.027300 0.972700
1240 0.000000 0.029000 0.971000
1364 0.000000 0.025300 0.974700
1500 0.000000 0.028500 0.971500
1650 0.000000 0.030700 0.969300
1815 0.000000 0.030600 0.969400
1996 0.000000 0.026500 0.973500
2196 0.000000 0.038600 0.961400
2415 0.000000 0.033400 0.966600
2657 0.000000 0.026100 0.973900
2922 0.000000 0.032900 0.967100
3215 0.000000 0.035100 0.964900
3536 0.000000 0.026400 0.973600
3889 0.000000 0.031300 0.968700
4278 0.000000 0.035800 0.964200
4706 0.000000 0.031300 0.968700
5177 0.000000 0.040300 0.959700
5694 0.000000 0.043000 0.957000
6264 0.000000 0.040900 0.959100
6890 0.000000 0.029300 0.970700
7579 0.000000 0.033700 0.966300
8337 0.000000 0.027800 0.972200
9170 0.000000 0.034700 0.965300
10087 0.000000 0.033300 0.966700
11096 0.000000 0.025100 0.974900
12206 0.000000 0.031300 0.968700
13426 0.000000 0.027000 0.973000
14769 0.000000 0.030900 0.969100
16246 0.000000 0.031800 0.968200
17870 0.000000 0.031700 0.968300
19657 0.000000 0.028300 0.971700
21623 0.000000 0.035200 0.964800
23785 0.000000 0.033400 0.966600
26163 0.000000 0.029300 0.970700
28780 0.000000 0.026200 0.973800
31658 0.000000 0.026300 0.973700
34823 0.000000 0.034200 0.965800
38306 0.000000 0.031700 0.968300
42136 0.000000 0.033700 0.966300
46350 0.000000 0.029300 0.970700
50985 0.000000 0.028800 0.971200
56083 0.000000 0.021200 0.978800
61691 0.000000 0.029000 0.971000
67860 0.000000 0.036400 0.963600
74646 0.000000 0.025700 0.974300
82111 0.000000 0.026400 0.973600
90322 0.000000 0.042800 0.957200
99354 0.000000 0.023600 0.976400
0.010000 0.251800 0.493600 0.254600
1 0.251800 0.493600 0.254600
2 0.192800 0.633800 0.173400
3 0.160700 0.712900 0.126400
4 0.134600 0.770200 0.095200
5 0.115300 0.805500 0.079200
6 0.102600 0.831200 0.066200
7 0.094600 0.849200 0.056200
8 0.086200 0.866500 0.047300
9 0.079600 0.876700 0.043700
10 0.074200 0.887200 0.038600
11 0.069000 0.895500 0.035500
13 0.060900 0.909300 0.029800
14 0.057200 0.911600 0.031200
16 0.058200 0.914600 0.027200
17 0.053200 0.921000 0.025800
19 0.047700 0.927900 0.024400
21 0.043100 0.933100 0.023800
23 0.041100 0.934900 0.024000
25 0.035200 0.942700 0.022100
28 0.032300 0.945700 0.022000
31 0.026100 0.952100 0.021800
34 0.022000 0.955500 0.022500
37 0.019900 0.957200 0.022900
41 0.020500 0.955800 0.023700
45 0.020500 0.955400 0.024100
49 0.015700 0.960800 0.023500
54 0.013000 0.960200 0.026800
59 0.011100 0.961100 0.027800
65 0.009000 0.960300 0.030700
72 0.006400 0.958800 0.034800
79 0.005100 0.957100 0.037800
86 0.003600 0.952800 0.043600
95 0.000800 0.946100 0.053100
104 0.000000 0.935800 0.064200
115 0.000000 0.922700 0.077300
126 0.000000 0.910200 0.089800
139 0.000000 0.898300 0.101700
153 0.000000 0.880400 0.119600
168 0.000000 0.857900 0.142100
185 0.000000 0.833000 0.167000
203 0.000000 0.807400 0.192600
223 0.000000 0.774500 0.225500
246 0.000000 0.718700 0.281300
270 0.000000 0.668100 0.331900
297 0.000000 0.607800 0.392200
327 0.000000 0.529200 0.470800
359 0.000000 0.469800 0.530200
395 0.000000 0.399800 0.600200
435 0.000000 0.329200 0.670800
478 0.000000 0.258000 0.742000
526 0.000000 0.191600 0.808400
579 0.000000 0.146800 0.853200
636 0.000000 0.102500 0.897500
700 0.000000 0.055700 0.944300
770 0.000000 0.033100 0.966900
847 0.000000 0.028300 0.971700
931 0.000000 0.027000 0.973000
1025 0.000000 0.031800 0.968200
1127 0.000000 0.025300 0.974700
1240 0.000000 0.026900 0.973100
1364 0.000000 0.028500 0.971500
1500 0.000000 0.030700 0.969300
1650 0.000000 0.032100 0.967900
1815 0.000000 0.026100 0.973900
1996 0.000000 0.026000 0.974000
2196 0.000000 0.031000 0.969000
2415 0.000000 0.025500 0.974500
2657 0.000000 0.027200 0.972800
2922 0.000000 0.031700 0.968300
3215 0.000000 0.028900 0.971100
3536 0.000000 0.036600 0.963400
3889 0.000000 0.032700 0.967300
4278 0.000000 0.032000 0.968000
4706 0.000000 0.038200 0.961800
5177 0.000000 0.031400 0.968600
5694 0.000000 0.025100 0.974900
6264 0.000000 0.033200 0.966800
6890 0.000000 0.028700 0.971300
7579 0.000000 0.023600 0.976400
8337 0.000000 0.028900 0.971100
9170 0.000000 0.024700 0.975300
10087 0.000000 0.030900 0.969100
11096 0.000000 0.036000 0.964000
12206 0.000000 0.032000 0.968000
13426 0.000000 0.028200 0.971800
14769 0.000000 0.033100 0.966900
16246 0.000000 0.035100 0.964900
17870 0.000000 0.027200 0.972800
19657 0.000000 0.027400 0.972600
21623 0.000000 0.033900 0.966100
23785 0.000000 0.032200 0.967800
26163 0.000000 0.030000 0.970000
28780 0.000000 0.033300 0.966700
31658 0.000000 0.027400 0.972600
34823 0.000000 0.027500 0.972500
38306 0.000000 0.032800 0.967200
42136 0.000000 0.026700 0.973300
46350 0.000000 0.033800 0.966200
50985 0.000000 0.032900 0.967100
56083 0.000000 0.031600 0.968400
61691 0.000000 0.031900 0.968100
67860 0.000000 0.026100 0.973900
74646 0.000000 0.025600 0.974400
82111 0.000000 0.031900 0.968100
90322 0.000000 0.035900 0.964100
99354 0.000000 0.023100 0.976900
0.010000 0.249800 0.501000 0.249200
1 0.249800 0.501000 0.249200
2 0.192700 0.632900 0.174400
3 0.155300 0.721100 0.123600
4 0.129400 0.778800 0.091800
5 0.112900 0.814000 0.073100
6 0.098400 0.837400 0.064200
7 0.088900 0.856200 0.054900
8 0.082500 0.867800 0.049700
9 0.077200 0.877000 0.045800
10 0.072300 0.885600 0.042100
11 0.070100 0.888900 0.041000
13 0.064000 0.898500 0.037500
14 0.062100 0.902700 0.035200
16 0.054500 0.912000 0.033500
17 0.051300 0.915300 0.033400
19 0.050600 0.918000 0.031400
21 0.048700 0.920600 0.030700
23 0.043500 0.926500 0.030000
25 0.040100 0.928400 0.031500
28 0.034400 0.932600 0.033000
31 0.032800 0.930700 0.036500
34 0.029700 0.931800 0.038500
37 0.026500 0.932100 0.041400
41 0.024200 0.930500 0.045300
45 0.021200 0.929700 0.049100
49 0.018500 0.928900 0.052600
54 0.017100 0.925000 0.057900
59 0.015400 0.920600 0.064000
65 0.012200 0.919300 0.068500
72 0.008600 0.915500 0.075900
79 0.007000 0.908600 0.084400
86 0.005200 0.902100 0.092700
95 0.003600 0.891700 0.104700
104 0.003200 0.880200 0.116600
115 0.003100 0.864800 0.132100
126 0.000000 0.848100 0.151900
139 0.000000 0.819600 0.180400
153 0.000000 0.783800 0.216200
168 0.000000 0.742300 0.257700
185 0.000000 0.691200 0.308800
203 0.000000 0.650900 0.349100
223 0.000000 0.606600 0.393400
246 0.000000 0.559500 0.440500
270 0.000000 0.501700 0.498300
297 0.000000 0.427600 0.572400
327 0.000000 0.347100 0.652900
359 0.000000 0.265700 0.734300
395 0.000000 0.185400 0.814600
435 0.000000 0.128300 0.871700
478 0.000000 0.087600 0.912400
526 0.000000 0.044200 0.955800
579 0.000000 0.049600 0.950400
636 0.000000 0.033800 0.966200
700 0.000000 0.044000 0.956000
770 0.000000 0.040400 0.959600
847 0.000000 0.041100 0.958900
931 0.000000 0.030500 0.969500
1025 0.000000 0.028500 0.971500
1127 0.000000 0.028500 0.971500
1240 0.000000 0.031100 0.968900
1364 0.000000 0.032100 0.967900
1500 0.000000 0.034300 0.965700
1650 0.000000 0.038900 0.961100
1815 0.000000 0.029900 0.970100
1996 0.000000 0.033000 0.967000
2196 0.000000 0.037500 0.962500
2415 0.000000 0.037200 0.962800
2657 0.000000 0.036700 0.963300
2922 0.000000 0.035100 0.964900
3215 0.000000 0.032900 0.967100
3536 0.000000 0.031400 0.968600
3889 0.000000 0.029000 0.971000
4278 0.000000 0.028600 0.971400
4706 0.000000 0.029100 0.970900
5177 0.000000 0.026500 0.973500
5694 0.000000 0.030400 0.969600
6264 0.000000 0.027400 0.972600
6890 0.000000 0.024600 0.975400
7579 0.000000 0.025200 0.974800
8337 0.000000 0.029200 0.970800
9170 0.000000 0.031300 0.968700
10087 0.000000 0.033100 0.966900
11096 0.000000 0.028900 0.971100
12206 0.000000 0.029000 0.971000
13426 0.000000 0.020300 0.979700
14769 0.000000 0.032700 0.967300
16246 0.000000 0.027500 0.972500
17870 0.000000 0.026900 0.973100
19657 0.000000 0.029500 0.970500
21623 0.000000 0.032000 0.968000
23785 0.000000 0.025500 0.974500
26163 0.000000 0.035500 0.964500
28780 0.000000 0.036600 0.963400
31658 0.000000 0.032800 0.967200
34823 0.000000 0.035100 0.964900
38306 0.000000 0.032800 0.967200
42136 0.000000 0.033200 0.966800
46350 0.000000 0.025100 0.974900
50985 0.000000 0.032400 0.967600
56083 0.000000 0.032400 0.967600
61691 0.000000 0.035500 0.964500
67860 0.000000 0.032800 0.967200
74646 0.000000 0.027200 0.972800
82111 0.000000 0.022200 0.977800
90322 0.000000 0.035200 0.964800
99354 0.000000 0.024000 0.976000
0.010000 0.251000 0.500400 0.248600
1 0.251000 0.500400 0.248600
2 0.199600 0.635500 0.164900
3 0.160000 0.719800 0.120200
4 0.131700 0.776100 0.092200
5 0.114500 0.810000 0.075500
6 0.097800 0.837700 0.064500
7 0.088500 0.853200 0.058300
8 0.078400 0.867100 0.054500
9 0.071100 0.877500 0.051400
10 0.066900 0.885300 0.047800
11 0.060300 0.894200 0.045500
13 0.053500 0.905300 0.041200
14 0.048500 0.911900 0.039600
16 0.041900 0.920100 0.038000
17 0.038300 0.926100 0.035600
19 0.034600 0.932600 0.032800
21 0.028500 0.938600 0.032900
23 0.024300 0.942800 0.032900
25 0.022600 0.946600 0.030800
28 0.019700 0.947700 0.032600
31 0.017700 0.946200 0.036100
34 0.015800 0.946500 0.037700
37 0.012900 0.948900 0.038200
41 0.008800 0.951700 0.039500
45 0.008300 0.949700 0.042000
49 0.007000 0.949700 0.043300
54 0.004700 0.949400 0.045900
59 0.004600 0.950500 0.044900
65 0.003700 0.945300 0.051000
72 0.002900 0.942900 0.054200
79 0.002600 0.934100 0.063300
86 0.002300 0.928700 0.069000
95 0.002000 0.922100 0.075900
104 0.000000 0.910700 0.089300
115 0.000000 0.899200 0.100800
126 0.000000 0.885100 0.114900
139 0.000000 0.872700 0.127300
153 0.000000 0.848600 0.151400
168 0.000000 0.824600 0.175400
185 0.000000 0.793900 0.206100
203 0.000000 0.761300 0.238700
223 0.000000 0.721100 0.278900
246 0.000000 0.668600 0.331400
270 0.000000 0.616500 0.383500
297 0.000000 0.557100 0.442900
327 0.000000 0.489700 0.510300
359 0.000000 0.432400 0.567600
395 0.000000 0.357100 0.642900
435 0.000000 0.289800 0.710200
478 0.000000 0.240000 0.760000
526 0.000000 0.175300 0.824700
579 0.000000 0.111000 0.889000
636 0.000000 0.073000 0.927000
700 0.000000 0.043200 0.956800
770 0.000000 0.038300 0.961700
847 0.000000 0.037000 0.963000
931 0.000000 0.040800 0.959200
1025 0.000000 0.039100 0.960900
1127 0.000000 0.038600 0.961400
1240 0.000000 0.029000 0.971000
1364 0.000000 0.033500 0.966500
1500 0.000000 0.033000 0.967000
1650 0.000000 0.023600 0.976400
1815 0.000000 0.030000 0.970000
1996 0.000000 0.030500 0.969500
2196 0.000000 0.026300 0.973700
2415 0.000000 0.024600 0.975400
2657 0.000000 0.030900 0.969100
2922 0.000000 0.027600 0.972400
3215 0.000000 0.027400 0.972600
3536 0.000000 0.023200 0.976800
3889 0.000000 0.017800 0.982200
4278 0.000000 0.025300 0.974700
4706 0.000000 0.026000 0.974000
5177 0.000000 0.027600 0.972400
5694 0.000000 0.026500 0.973500
6264 0.000000 0.042300 0.957700
6890 0.000000 0.036800 0.963200
7579 0.000000 0.035500 0.964500
8337 0.000000 0.030900 0.969100
9170 0.000000 0.032500 0.967500
10087 0.000000 0.033400 0.966600
11096 0.000000 0.035000 0.965000
12206 0.000000 0.028500 0.971500
13426 0.000000 0.028000 0.972000
14769 0.000000 0.033800 0.966200
16246 0.000000 0.035000 0.965000
17870 0.000000 0.025100 0.974900
19657 0.000000 0.035500 0.964500
21623 0.000000 0.025100 0.974900
23785 0.000000 0.027300 0.972700
26163 0.000000 0.027700 0.972300
28780 0.000000 0.040900 0.959100
31658 0.000000 0.024700 0.975300
34823 0.000000 0.021300 0.978700
38306 0.000000 0.030600 0.969400
42136 0.000000 0.031500 0.968500
46350 0.000000 0.028000 0.972000
50985 0.000000 0.028200 0.971800
56083 0.000000 0.038300 0.961700
61691 0.000000 0.029300 0.970700
67860 0.000000 0.033100 0.966900
74646 0.000000 0.033300 0.966700
82111 0.000000 0.031100 0.968900
90322 0.000000 0.027700 0.972300
99354 0.000000 0.019700 0.980300
0.010000 0.248100 0.500500 0.251400
1 0.248100 0.500500 0.251400
2 0.195200 0.631700 0.173100
3 0.153100 0.713900 0.133000
4 0.133200 0.768300 0.098500
5 0.113700 0.806400 0.079900
6 0.104600 0.827500 0.067900
7 0.090500 0.849900 0.059600
8 0.085600 0.861600 0.052800
9 0.081200 0.869000 0.049800
10 0.079200 0.874200 0.046600
11 0.077100 0.881400 0.041500
13 0.067000 0.893800 0.039200
14 0.061900 0.900200 0.037900
16 0.058200 0.906500 0.035300
17 0.057700 0.909000 0.033300
19 0.052100 0.916900 0.031000
21 0.046200 0.924300 0.029500
23 0.042500 0.928600 0.028900
25 0.039900 0.931000 0.029100
28 0.032600 0.939600 0.027800
31 0.031800 0.943400 0.024800
34 0.029500 0.945300 0.025200
37 0.026600 0.948700 0.024700
41 0.025200 0.948000 0.026800
45 0.020400 0.953000 0.026600
49 0.017100 0.953300 0.029600
54 0.011600 0.953400 0.035000
59 0.007400 0.958100 0.034500
65 0.006600 0.956800 0.036600
72 0.002200 0.956800 0.041000
79 0.003100 0.951700 0.045200
86 0.002400 0.945300 0.052300
95 0.001200 0.937000 0.061800
104 0.000000 0.926300 0.073700
115 0.000000 0.911100 0.088900
126 0.000000 0.899300 0.100700
139 0.000000 0.882100 0.117900
153 0.000000 0.859900 0.140100
168 0.000000 0.827500 0.172500
185 0.000000 0.793700 0.206300
203 0.000000 0.761100 0.238900
223 0.000000 0.712700 0.287300
246 0.000000 0.671600 0.328400
270 0.000000 0.605700 0.394300
297 0.000000 0.529500 0.470500
327 0.000000 0.450800 0.549200
359 0.000000 0.345400 0.654600
395 0.000000 0.260000 0.740000
435 0.000000 0.173400 0.826600
478 0.000000 0.114000 0.886000
526 0.000000 0.067700 0.932300
579 0.000000 0.051300 0.948700
636 0.000000 0.034000 0.966000
700 0.000000 0.029200 0.970800
770 0.000000 0.033100 0.966900
847 0.000000 0.036500 0.963500
931 0.000000 0.030500 0.969500
1025 0.000000 0.029300 0.970700
1127 0.000000 0.032400 0.967600
1240 0.000000 0.029800 0.970200
1364 0.000000 0.026300 0.973700
1500 0.000000 0.030700 0.969300
1650 0.000000 0.031300 0.968700
1815 0.000000 0.032400 0.967600
1996 0.000000 0.030600 0.969400
2196 0.000000 0.037200 0.962800
2415 0.000000 0.028200 0.971800
2657 0.000000 0.032300 0.967700
2922 0.000000 0.032800 0.967200
3215 0.000000 0.029100 0.970900
3536 0.000000 0.029900 0.970100
3889 0.000000 0.029200 0.970800
4278 0.000000 0.027200 0.972800
4706 0.000000 0.037500 0.962500
5177 0.000000 0.027600 0.972400
5694 0.000000 0.021400 0.978600
6264 0.000000 0.025400 0.974600
6890 0.000000 0.020200 0.979800
7579 0.000000 0.016100 0.983900
8337 0.000000 0.027200 0.972800
9170 0.000000 0.026200 0.973800
10087 0.000000 0.033200 0.966800
11096 0.000000 0.020400 0.979600
12206 0.000000 0.030500 0.969500
13426 0.000000 0.026200 0.973800
14769 0.000000 0.028000 0.972000
16246 0.000000 0.029600 0.970400
17870 0.000000 0.030400 0.969600
19657 0.000000 0.025300 0.974700
21623 0.000000 0.036200 0.963800
23785 0.000000 0.034000 0.966000
26163 0.000000 0.029000 0.971000
28780 0.000000 0.027400 0.972600
31658 0.000000 0.026700 0.973300
34823 0.000000 0.030600 0.969400
38306 0.000000 0.030600 0.969400
42136 0.000000 0.031000 0.969000
46350 0.000000 0.026600 0.973400
50985 0.000000 0.030000 0.970000
56083 0.000000 0.027200 0.972800
61691 0.000000 0.022700 0.977300
67860 0.000000 0.025700 0.974300
74646 0.000000 0.026400 0.973600
82111 0.000000 0.026300 0.973700
90322 0.000000 0.031800 0.968200
99354 0.000000 0.036500 0.963500
0.010000 0.255200 0.496500 0.248300
1 0.255200 0.496500 0.248300
2 0.203100 0.634100 0.162800
3 0.165700 0.720500 0.113800
4 0.136800 0.775800 0.087400
5 0.115500 0.814800 0.069700
6 0.098000 0.843300 0.058700
7 0.087400 0.861100 0.051500
8 0.079900 0.878000 0.042100
9 0.073500 0.887800 0.038700
10 0.067600 0.897200 0.035200
11 0.063400 0.905000 0.031600
13 0.054200 0.916100 0.029700
14 0.047800 0.924000 0.028200
16 0.044300 0.928800 0.026900
17 0.041400 0.930300 0.028300
19 0.038100 0.933400 0.028500
21 0.036200 0.935400 0.028400
23 0.034800 0.936800 0.028400
25 0.032600 0.941100 0.026300
28 0.028800 0.946200 0.025000
31 0.025500 0.950500 0.024000
34 0.023900 0.952000 0.024100
37 0.021900 0.954000 0.024100
41 0.020300 0.957200 0.022500
45 0.016300 0.958400 0.025300
49 0.016500 0.956000 0.027500
54 0.015100 0.954100 0.030800
59 0.015200 0.950600 0.034200
65 0.012800 0.952500 0.034700
72 0.007200 0.959200 0.033600
79 0.004500 0.961800 0.033700
86 0.002700 0.960900 0.036400
95 0.004000 0.956200 0.039800
104 0.002300 0.951000 0.046700
115 0.000000 0.946500 0.053500
126 0.000000 0.936500 0.063500
139 0.000000 0.923100 0.076900
153 0.000000 0.910200 0.089800
168 0.000000 0.897000 0.103000
185 0.000000 0.869200 0.130800
203 0.000000 0.840800 0.159200
223 0.000000 0.810100 0.189900
246 0.000000 0.773300 0.226700
270 0.000000 0.729700 0.270300
297 0.000000 0.689800 0.310200
327 0.000000 0.629800 0.370200
359 0.000000 0.581500 0.418500
395 0.000000 0.515000 0.485000
435 0.000000 0.438000 0.562000
478 0.000000 0.364200 0.635800
526 0.000000 0.287400 0.712600
579 0.000000 0.210900 0.789100
636 0.000000 0.148300 0.851700
700 0.000000 0.102500 0.897500
770 0.000000 0.063900 0.936100
847 0.000000 0.042300 0.957700
931 0.000000 0.023900 0.976100
1025 0.000000 0.026700 0.973300
1127 0.000000 0.034600 0.965400
1240 0.000000 0.031900 0.968100
1364 0.000000 0.030100 0.969900
1500 0.000000 0.031600 0.968400
1650 0.000000 0.026900 0.973100
1815 0.000000 0.027300 0.972700
1996 0.000000 0.031000 0.969000
2196 0.000000 0.035200 0.964800
2415 0.000000 0.028600 0.971400
2657 0.000000 0.028500 0.971500
2922 0.000000 0.024400 0.975600
3215 0.000000 0.024400 0.975600
3536 0.000000 0.028000 0.972000
3889 0.000000 0.032700 0.967300
4278 0.000000 0.030700 0.969300
4706 0.000000 0.030800 0.969200
5177 0.000000 0.027200 0.972800
5694 0.000000 0.018100 0.981900
6264 0.000000 0.025000 0.975000
6890 0.000000 0.026200 0.973800
7579 0.000000 0.025200 0.974800
8337 0.000000 0.032700 0.967300
9170 0.000000 0.023100 0.976900
10087 0.000000 0.026100 0.973900
11096 0.000000 0.029500 0.970500
12206 0.000000 0.017400 0.982600
13426 0.000000 0.026700 0.973300
14769 0.000000 0.030900 0.969100
16246 0.000000 0.037700 0.962300
17870 0.000000 0.024000 0.976000
19657 0.000000 0.025900 0.974100
21623 0.000000 0.028700 0.971300
23785 0.000000 0.039500 0.960500
26163 0.000000 0.023800 0.976200
28780 0.000000 0.022400 0.977600
31658 0.000000 0.037700 0.962300
34823 0.000000 0.030000 0.970000
38306 0.000000 0.026900 0.973100
42136 0.000000 0.038500 0.961500
46350 0.000000 0.038100 0.961900
