0.010000 0.247100 0.499600 0.253300
1 0.247100 0.499600 0.253300
2 0.218300 0.621200 0.160500
3 0.200400 0.691700 0.107900
4 0.178000 0.741700 0.080300
5 0.161700 0.773000 0.065300
6 0.151700 0.797000 0.051300
7 0.142200 0.813900 0.043900
8 0.134300 0.825300 0.040400
9 0.127900 0.835200 0.036900
10 0.123300 0.844600 0.032100
11 0.115000 0.854700 0.030300
13 0.108200 0.865800 0.026000
14 0.101900 0.874100 0.024000
16 0.097100 0.879000 0.023900
17 0.093200 0.883900 0.022900
19 0.085700 0.891500 0.022800
21 0.084400 0.893400 0.022200
23 0.079500 0.897200 0.023300
25 0.079800 0.898800 0.021400
28 0.072500 0.906000 0.021500
31 0.065500 0.910000 0.024500
34 0.058300 0.917800 0.023900
37 0.053000 0.922800 0.024200
41 0.051100 0.927300 0.021600
45 0.045600 0.932800 0.021600
49 0.042300 0.936500 0.021200
54 0.041600 0.937000 0.021400
59 0.033700 0.942400 0.023900
65 0.026200 0.947900 0.025900
72 0.024200 0.947600 0.028200
79 0.027700 0.943800 0.028500
86 0.024100 0.945600 0.030300
95 0.025600 0.941900 0.032500
104 0.029900 0.936800 0.033300
115 0.026100 0.934600 0.039300
126 0.023500 0.936000 0.040500
139 0.028600 0.934500 0.036900
153 0.030100 0.935000 0.034900
168 0.027400 0.939100 0.033500
185 0.026700 0.937800 0.035500
203 0.026800 0.940300 0.032900
223 0.028900 0.942800 0.028300
246 0.025100 0.936600 0.038300
270 0.024700 0.935400 0.039900
297 0.025100 0.933200 0.041700
327 0.027200 0.924000 0.048800
359 0.029500 0.918200 0.052300
395 0.021800 0.909500 0.068700
435 0.026600 0.902900 0.070500
478 0.027900 0.901700 0.070400
526 0.022000 0.886400 0.091600
579 0.027000 0.863000 0.110000
636 0.035300 0.840000 0.124700
700 0.045200 0.812900 0.141900
770 0.054900 0.778100 0.167000
847 0.049600 0.755300 0.195100
931 0.051600 0.696000 0.252400
1025 0.070800 0.631400 0.297800
1127 0.095500 0.552900 0.351600
1240 0.116800 0.466400 0.416800
1364 0.145900 0.381100 0.473000
1500 0.156800 0.289900 0.553300
1650 0.156500 0.189700 0.653800
1815 0.188400 0.103100 0.708500
1996 0.196000 0.018000 0.786000
2196 0.180200 0.000000 0.819800
2415 0.180200 0.000000 0.819800
2657 0.180200 0.000000 0.819800
2922 0.180200 0.000000 0.819800
3215 0.180200 0.000000 0.819800
3536 0.180200 0.000000 0.819800
3889 0.180200 0.000000 0.819800
4278 0.180200 0.000000 0.819800
4706 0.180200 0.000000 0.819800
5177 0.180200 0.000000 0.819800
5694 0.180200 0.000000 0.819800
6264 0.180200 0.000000 0.819800
6890 0.180200 0.000000 0.819800
7579 0.180200 0.000000 0.819800
8337 0.180200 0.000000 0.819800
9170 0.180200 0.000000 0.819800
10087 0.180200 0.000000 0.819800
11096 0.180200 0.000000 0.819800
12206 0.180200 0.000000 0.819800
13426 0.180200 0.000000 0.819800
14769 0.180200 0.000000 0.819800
16246 0.180200 0.000000 0.819800
17870 0.180200 0.000000 0.819800
19657 0.180200 0.000000 0.819800
21623 0.180200 0.000000 0.819800
23785 0.180200 0.000000 0.819800
26163 0.180200 0.000000 0.819800
28780 0.180200 0.000000 0.819800
31658 0.180200 0.000000 0.819800
34823 0.180200 0.000000 0.819800
38306 0.180200 0.000000 0.819800
42136 0.180200 0.000000 0.819800
46350 0.180200 0.000000 0.819800
50985 0.180200 0.000000 0.819800
56083 0.180200 0.000000 0.819800
61691 0.180200 0.000000 0.819800
67860 0.180200 0.000000 0.819800
74646 0.180200 0.000000 0.819800
82111 0.180200 0.000000 0.819800
90322 0.180200 0.000000 0.819800
99354 0.180200 0.000000 0.819800
