0.010000 0.252300 0.507600 0.240100
1 0.252300 0.507600 0.240100
2 0.194800 0.648800 0.156400
3 0.154300 0.731300 0.114400
4 0.122800 0.794000 0.083200
5 0.098300 0.835800 0.065900
6 0.085200 0.864300 0.050500
7 0.079700 0.879600 0.040700
8 0.071900 0.893200 0.034900
9 0.064100 0.903100 0.032800
10 0.061600 0.909100 0.029300
11 0.058400 0.913100 0.028500
13 0.053400 0.920300 0.026300
14 0.049000 0.925000 0.026000
16 0.046200 0.929200 0.024600
17 0.044400 0.933900 0.021700
19 0.038500 0.939400 0.022100
21 0.037000 0.939200 0.023800
23 0.034100 0.944000 0.021900
25 0.032800 0.945800 0.021400
28 0.029100 0.949800 0.021100
31 0.025900 0.951500 0.022600
34 0.022800 0.953700 0.023500
37 0.019200 0.956600 0.024200
41 0.019600 0.954600 0.025800
45 0.019000 0.952000 0.029000
49 0.016400 0.953700 0.029900
54 0.014100 0.951900 0.034000
59 0.010800 0.951000 0.038200
65 0.008100 0.947700 0.044200
72 0.009800 0.941900 0.048300
79 0.006900 0.939900 0.053200
86 0.005000 0.941600 0.053400
95 0.002400 0.943400 0.054200
104 0.001400 0.938500 0.060100
115 0.000100 0.928700 0.071200
126 0.000000 0.918500 0.081500
139 0.000000 0.907800 0.092200
153 0.000000 0.894200 0.105800
168 0.000000 0.877300 0.122700
185 0.000000 0.853900 0.146100
203 0.000000 0.836900 0.163100
223 0.000000 0.807100 0.192900
246 0.000000 0.774600 0.225400
270 0.000000 0.733700 0.266300
297 0.000000 0.695000 0.305000
327 0.000000 0.649900 0.350100
359 0.000000 0.597500 0.402500
395 0.000000 0.527500 0.472500
435 0.000000 0.459300 0.540700
478 0.000000 0.394300 0.605700
526 0.000000 0.324600 0.675400
579 0.000000 0.247800 0.752200
636 0.000000 0.168600 0.831400
700 0.000000 0.104500 0.895500
770 0.000000 0.070000 0.930000
847 0.000000 0.043500 0.956500
931 0.000000 0.032800 0.967200
1025 0.000000 0.035700 0.964300
1127 0.000000 0.032600 0.967400
1240 0.000000 0.035300 0.964700
1364 0.000000 0.028400 0.971600
1500 0.000000 0.023800 0.976200
1650 0.000000 0.024600 0.975400
1815 0.000000 0.023100 0.976900
1996 0.000000 0.029000 0.971000
2196 0.000000 0.029900 0.970100
2415 0.000000 0.024500 0.975500
2657 0.000000 0.024500 0.975500
2922 0.000000 0.020900 0.979100
3215 0.000000 0.022600 0.977400
3536 0.000000 0.024900 0.975100
3889 0.000000 0.028700 0.971300
4278 0.000000 0.023200 0.976800
4706 0.000000 0.029200 0.970800
5177 0.000000 0.023600 0.976400
5694 0.000000 0.033800 0.966200
6264 0.000000 0.031700 0.968300
6890 0.000000 0.019800 0.980200
7579 0.000000 0.030900 0.969100
8337 0.000000 0.029800 0.970200
9170 0.000000 0.028400 0.971600
10087 0.000000 0.032300 0.967700
11096 0.000000 0.026000 0.974000
12206 0.000000 0.028600 0.971400
13426 0.000000 0.030700 0.969300
14769 0.000000 0.033900 0.966100
16246 0.000000 0.027600 0.972400
17870 0.000000 0.036700 0.963300
19657 0.000000 0.031800 0.968200
21623 0.000000 0.021300 0.978700
23785 0.000000 0.032900 0.967100
26163 0.000000 0.026800 0.973200
28780 0.000000 0.038700 0.961300
31658 0.000000 0.031600 0.968400
34823 0.000000 0.028600 0.971400
38306 0.000000 0.032500 0.967500
42136 0.000000 0.029700 0.970300
46350 0.000000 0.034900 0.965100
50985 0.000000 0.026500 0.973500
56083 0.000000 0.027200 0.972800
61691 0.000000 0.035400 0.964600
67860 0.000000 0.033600 0.966400
74646 0.000000 0.025500 0.974500
82111 0.000000 0.034200 0.965800
90322 0.000000 0.030100 0.969900
99354 0.000000 0.025100 0.974900
