0.010000 0.248300 0.500700 0.251000
1 0.248300 0.500700 0.251000
2 0.215200 0.622300 0.162500
3 0.201100 0.686100 0.112800
4 0.180700 0.737400 0.081900
5 0.164000 0.768000 0.068000
6 0.153900 0.790000 0.056100
7 0.143100 0.809800 0.047100
8 0.135300 0.822000 0.042700
9 0.128500 0.831900 0.039600
10 0.122900 0.837200 0.039900
11 0.125700 0.837000 0.037300
13 0.120800 0.845600 0.033600
14 0.115100 0.851200 0.033700
16 0.112000 0.855800 0.032200
17 0.107400 0.862000 0.030600
19 0.105700 0.867900 0.026400
21 0.100200 0.875800 0.024000
23 0.091600 0.884800 0.023600
25 0.089100 0.887600 0.023300
28 0.086000 0.892900 0.021100
31 0.075400 0.904200 0.020400
34 0.066400 0.915800 0.017800
37 0.058000 0.924000 0.018000
41 0.052000 0.932500 0.015500
45 0.045900 0.940800 0.013300
49 0.042900 0.942400 0.014700
54 0.040900 0.945000 0.014100
59 0.036600 0.948600 0.014800
65 0.030100 0.954400 0.015500
72 0.024400 0.958900 0.016700
79 0.025100 0.957200 0.017700
86 0.023400 0.962500 0.014100
95 0.018800 0.965700 0.015500
104 0.015400 0.970000 0.014600
115 0.013000 0.972700 0.014300
126 0.012600 0.968700 0.018700
139 0.007900 0.968300 0.023800
153 0.006000 0.969500 0.024500
168 0.008300 0.973300 0.018400
185 0.009000 0.973100 0.017900
203 0.014000 0.975400 0.010600
223 0.011200 0.974000 0.014800
246 0.009600 0.970600 0.019800
270 0.013500 0.964300 0.022200
297 0.012600 0.960600 0.026800
327 0.011700 0.959900 0.028400
359 0.009500 0.959000 0.031500
395 0.011100 0.951900 0.037000
435 0.013700 0.944900 0.041400
478 0.019000 0.922400 0.058600
526 0.017600 0.906000 0.076400
579 0.018000 0.888700 0.093300
636 0.022600 0.867800 0.109600
700 0.036700 0.848900 0.114400
770 0.048200 0.816300 0.135500
847 0.044300 0.777600 0.178100
931 0.051600 0.735300 0.213100
1025 0.067900 0.700100 0.232000
1127 0.065100 0.650400 0.284500
1240 0.094700 0.590200 0.315100
1364 0.097000 0.545900 0.357100
1500 0.134600 0.450000 0.415400
1650 0.129200 0.356800 0.514000
1815 0.147900 0.239200 0.612900
1996 0.147400 0.140500 0.712100
2196 0.170600 0.036500 0.792900
2415 0.179200 0.000700 0.820100
2657 0.218000 0.000000 0.782000
2922 0.218000 0.000000 0.782000
3215 0.218000 0.000000 0.782000
3536 0.218000 0.000000 0.782000
3889 0.218000 0.000000 0.782000
4278 0.218000 0.000000 0.782000
4706 0.218000 0.000000 0.782000
5177 0.218000 0.000000 0.782000
5694 0.218000 0.000000 0.782000
6264 0.218000 0.000000 0.782000
6890 0.218000 0.000000 0.782000
7579 0.218000 0.000000 0.782000
8337 0.218000 0.000000 0.782000
9170 0.218000 0.000000 0.782000
10087 0.218000 0.000000 0.782000
11096 0.218000 0.000000 0.782000
12206 0.218000 0.000000 0.782000
13426 0.218000 0.000000 0.782000
14769 0.218000 0.000000 0.782000
16246 0.218000 0.000000 0.782000
17870 0.218000 0.000000 0.782000
19657 0.218000 0.000000 0.782000
21623 0.218000 0.000000 0.782000
23785 0.218000 0.000000 0.782000
26163 0.218000 0.000000 0.782000
28780 0.218000 0.000000 0.782000
31658 0.218000 0.000000 0.782000
34823 0.218000 0.000000 0.782000
38306 0.218000 0.000000 0.782000
42136 0.218000 0.000000 0.782000
46350 0.218000 0.000000 0.782000
50985 0.218000 0.000000 0.782000
56083 0.218000 0.000000 0.782000
61691 0.218000 0.000000 0.782000
67860 0.218000 0.000000 0.782000
74646 0.218000 0.000000 0.782000
82111 0.218000 0.000000 0.782000
90322 0.218000 0.000000 0.782000
99354 0.218000 0.000000 0.782000
