0.010000 0.250300 0.488300 0.261400
1 0.250300 0.488300 0.261400
2 0.235600 0.596400 0.168000
3 0.219000 0.661600 0.119400
4 0.205300 0.704800 0.089900
5 0.192100 0.739500 0.068400
6 0.181900 0.760900 0.057200
7 0.169900 0.779000 0.051100
8 0.161800 0.789600 0.048600
9 0.151600 0.802700 0.045700
10 0.142400 0.815400 0.042200
11 0.139600 0.819100 0.041300
13 0.131700 0.831200 0.037100
14 0.130000 0.837300 0.032700
16 0.124000 0.845400 0.030600
17 0.120700 0.849500 0.029800
19 0.109300 0.860300 0.030400
21 0.104000 0.867600 0.028400
23 0.097800 0.875900 0.026300
25 0.090800 0.882900 0.026300
28 0.081300 0.893300 0.025400
31 0.077800 0.896800 0.025400
34 0.071600 0.906700 0.021700
37 0.067300 0.911800 0.020900
41 0.066900 0.913500 0.019600
45 0.057800 0.923600 0.018600
49 0.049800 0.931400 0.018800
54 0.042200 0.937900 0.019900
59 0.036100 0.946000 0.017900
65 0.036100 0.947800 0.016100
72 0.036000 0.951600 0.012400
79 0.035400 0.956000 0.008600
86 0.034100 0.957500 0.008400
95 0.025700 0.963700 0.010600
104 0.026100 0.964700 0.009200
115 0.017200 0.971100 0.011700
126 0.022100 0.968200 0.009700
139 0.021400 0.969700 0.008900
153 0.019000 0.975100 0.005900
168 0.017500 0.976900 0.005600
185 0.018600 0.977700 0.003700
203 0.018300 0.976200 0.005500
223 0.013300 0.979500 0.007200
246 0.012400 0.980800 0.006800
270 0.009800 0.981200 0.009000
297 0.009000 0.981400 0.009600
327 0.007800 0.979900 0.012300
359 0.010600 0.975000 0.014400
395 0.013500 0.964000 0.022500
435 0.018600 0.951400 0.030000
478 0.021900 0.948600 0.029500
526 0.017900 0.946900 0.035200
579 0.028300 0.939900 0.031800
636 0.023100 0.934900 0.042000
700 0.023800 0.915300 0.060900
770 0.030800 0.890700 0.078500
847 0.034300 0.859500 0.106200
931 0.051000 0.835900 0.113100
1025 0.039900 0.818000 0.142100
1127 0.036300 0.788700 0.175000
1240 0.043300 0.758700 0.198000
1364 0.052100 0.707800 0.240100
1500 0.059000 0.632400 0.308600
1650 0.088500 0.530700 0.380800
1815 0.092400 0.393000 0.514600
1996 0.086600 0.250000 0.663400
2196 0.080100 0.133900 0.786000
2415 0.113200 0.019800 0.867000
2657 0.147400 0.000000 0.852600
2922 0.147400 0.000000 0.852600
3215 0.147400 0.000000 0.852600
3536 0.147400 0.000000 0.852600
3889 0.147400 0.000000 0.852600
4278 0.147400 0.000000 0.852600
4706 0.147400 0.000000 0.852600
5177 0.147400 0.000000 0.852600
5694 0.147400 0.000000 0.852600
6264 0.147400 0.000000 0.852600
6890 0.147400 0.000000 0.852600
7579 0.147400 0.000000 0.852600
8337 0.147400 0.000000 0.852600
9170 0.147400 0.000000 0.852600
10087 0.147400 0.000000 0.852600
11096 0.147400 0.000000 0.852600
12206 0.147400 0.000000 0.852600
13426 0.147400 0.000000 0.852600
14769 0.147400 0.000000 0.852600
16246 0.147400 0.000000 0.852600
17870 0.147400 0.000000 0.852600
19657 0.147400 0.000000 0.852600
21623 0.147400 0.000000 0.852600
23785 0.147400 0.000000 0.852600
26163 0.147400 0.000000 0.852600
28780 0.147400 0.000000 0.852600
31658 0.147400 0.000000 0.852600
34823 0.147400 0.000000 0.852600
38306 0.147400 0.000000 0.852600
42136 0.147400 0.000000 0.852600
46350 0.147400 0.000000 0.852600
50985 0.147400 0.000000 0.852600
56083 0.147400 0.000000 0.852600
61691 0.147400 0.000000 0.852600
67860 0.147400 0.000000 0.852600
74646 0.147400 0.000000 0.852600
82111 0.147400 0.000000 0.852600
90322 0.147400 0.000000 0.852600
99354 0.147400 0.000000 0.852600
