0.010000 0.248900 0.502600 0.248500
1 0.248900 0.502600 0.248500
2 0.224200 0.618200 0.157600
3 0.203800 0.679700 0.116500
4 0.188300 0.721000 0.090700
5 0.172800 0.758400 0.068800
6 0.159200 0.786500 0.054300
7 0.148700 0.805800 0.045500
8 0.142700 0.817400 0.039900
9 0.137000 0.824800 0.038200
10 0.132000 0.832600 0.035400
11 0.124100 0.842000 0.033900
13 0.111000 0.857900 0.031100
14 0.105300 0.866300 0.028400
16 0.097300 0.878100 0.024600
17 0.094900 0.881300 0.023800
19 0.091000 0.889000 0.020000
21 0.087600 0.895500 0.016900
23 0.083500 0.902500 0.014000
25 0.081000 0.905900 0.013100
28 0.072300 0.912000 0.015700
31 0.070700 0.914500 0.014800
34 0.065400 0.918900 0.015700
37 0.063800 0.921300 0.014900
41 0.056600 0.930100 0.013300
45 0.052000 0.937100 0.010900
49 0.046300 0.945400 0.008300
54 0.043700 0.948100 0.008200
59 0.040200 0.953200 0.006600
65 0.033200 0.959500 0.007300
72 0.030300 0.963100 0.006600
79 0.027800 0.966000 0.006200
86 0.021500 0.973000 0.005500
95 0.017600 0.976900 0.005500
104 0.015300 0.981600 0.003100
115 0.007600 0.988400 0.004000
126 0.004000 0.993700 0.002300
139 0.004000 0.993200 0.002800
153 0.003700 0.993600 0.002700
168 0.003500 0.996000 0.000500
185 0.003700 0.996000 0.000300
203 0.001700 0.998300 0.000000
223 0.001000 0.999000 0.000000
246 0.001700 0.998300 0.000000
270 0.000000 1.000000 0.000000
297 0.000000 1.000000 0.000000
327 0.000000 1.000000 0.000000
359 0.000000 1.000000 0.000000
395 0.000000 1.000000 0.000000
435 0.000000 1.000000 0.000000
478 0.000000 1.000000 0.000000
526 0.000000 1.000000 0.000000
579 0.000000 1.000000 0.000000
636 0.000000 1.000000 0.000000
700 0.000000 1.000000 0.000000
770 0.000000 1.000000 0.000000
847 0.000000 1.000000 0.000000
931 0.000000 1.000000 0.000000
1025 0.000000 1.000000 0.000000
1127 0.000000 1.000000 0.000000
1240 0.000000 1.000000 0.000000
1364 0.000000 1.000000 0.000000
1500 0.000000 1.000000 0.000000
1650 0.000000 1.000000 0.000000
1815 0.000000 1.000000 0.000000
1996 0.000000 1.000000 0.000000
2196 0.000000 1.000000 0.000000
2415 0.000000 1.000000 0.000000
2657 0.000000 1.000000 0.000000
2922 0.000000 1.000000 0.000000
3215 0.000000 1.000000 0.000000
3536 0.000000 1.000000 0.000000
3889 0.000000 1.000000 0.000000
4278 0.000000 1.000000 0.000000
4706 0.000000 1.000000 0.000000
5177 0.000000 1.000000 0.000000
5694 0.000000 1.000000 0.000000
6264 0.000000 1.000000 0.000000
6890 0.000000 1.000000 0.000000
7579 0.000000 1.000000 0.000000
8337 0.000000 1.000000 0.000000
9170 0.000000 1.000000 0.000000
10087 0.000000 1.000000 0.000000
11096 0.000000 1.000000 0.000000
12206 0.000000 1.000000 0.000000
13426 0.000000 1.000000 0.000000
14769 0.000000 1.000000 0.000000
16246 0.000000 1.000000 0.000000
17870 0.000000 1.000000 0.000000
19657 0.000000 1.000000 0.000000
21623 0.000000 1.000000 0.000000
23785 0.000000 1.000000 0.000000
26163 0.000000 1.000000 0.000000
28780 0.000000 1.000000 0.000000
31658 0.000000 1.000000 0.000000
34823 0.000000 1.000000 0.000000
38306 0.000000 1.000000 0.000000
42136 0.000000 1.000000 0.000000
46350 0.000000 1.000000 0.000000
50985 0.000000 1.000000 0.000000
56083 0.000000 1.000000 0.000000
61691 0.000000 1.000000 0.000000
67860 0.000000 1.000000 0.000000
74646 0.000000 1.000000 0.000000
82111 0.000000 1.000000 0.000000
90322 0.000000 1.000000 0.000000
99354 0.000000 1.000000 0.000000
