0.010000 0.252900 0.500400 0.246700
1 0.252900 0.500400 0.246700
2 0.197000 0.642300 0.160700
3 0.157100 0.732600 0.110300
4 0.124900 0.789900 0.085200
5 0.108800 0.825200 0.066000
6 0.094600 0.851300 0.054100
7 0.080200 0.876000 0.043800
8 0.072900 0.890100 0.037000
9 0.063900 0.902400 0.033700
10 0.060900 0.907400 0.031700
11 0.056000 0.916600 0.027400
13 0.050700 0.925500 0.023800
14 0.046800 0.930800 0.022400
16 0.044500 0.931500 0.024000
17 0.042100 0.933200 0.024700
19 0.039200 0.936900 0.023900
21 0.034600 0.940300 0.025100
23 0.032900 0.943900 0.023200
25 0.031100 0.946800 0.022100
28 0.026900 0.952400 0.020700
31 0.023500 0.955400 0.021100
34 0.020700 0.956900 0.022400
37 0.018900 0.960300 0.020800
41 0.020200 0.960300 0.019500
45 0.017200 0.963800 0.019000
49 0.016100 0.965900 0.018000
54 0.014400 0.968400 0.017200
59 0.012500 0.971100 0.016400
65 0.006700 0.977200 0.016100
72 0.003400 0.978800 0.017800
79 0.002500 0.980300 0.017200
86 0.001600 0.982400 0.016000
95 0.001900 0.981200 0.016900
104 0.000000 0.984500 0.015500
115 0.000000 0.984500 0.015500
126 0.000000 0.988400 0.011600
139 0.000000 0.991500 0.008500
153 0.000000 0.994000 0.006000
168 0.000000 0.995400 0.004600
185 0.000000 0.994100 0.005900
203 0.000000 0.994000 0.006000
223 0.000000 0.993500 0.006500
246 0.000000 0.994900 0.005100
270 0.000000 0.990200 0.009800
297 0.000000 0.987500 0.012500
327 0.000000 0.989000 0.011000
359 0.000000 0.990800 0.009200
395 0.000000 0.991200 0.008800
435 0.000000 0.986900 0.013100
478 0.000000 0.987900 0.012100
526 0.000000 0.989200 0.010800
579 0.000000 0.989300 0.010700
636 0.000000 0.986900 0.013100
700 0.000000 0.978300 0.021700
770 0.000000 0.974400 0.025600
847 0.000000 0.980100 0.019900
931 0.000000 0.975300 0.024700
1025 0.000000 0.965400 0.034600
1127 0.000000 0.962600 0.037400
1240 0.000000 0.945800 0.054200
1364 0.000000 0.943300 0.056700
1500 0.000000 0.930700 0.069300
1650 0.000000 0.926500 0.073500
1815 0.000000 0.904300 0.095700
1996 0.000000 0.864600 0.135400
2196 0.000000 0.897500 0.102500
2415 0.000000 0.818000 0.182000
2657 0.000000 0.771700 0.228300
2922 0.000000 0.739200 0.260800
3215 0.000000 0.697100 0.302900
3536 0.000000 0.578600 0.421400
3889 0.000000 0.571900 0.428100
4278 0.000000 0.576500 0.423500
4706 0.000000 0.573600 0.426400
5177 0.000000 0.610200 0.389800
5694 0.000000 0.594100 0.405900
6264 0.000000 0.579300 0.420700
6890 0.000000 0.572200 0.427800
7579 0.000000 0.570200 0.429800
8337 0.000000 0.604600 0.395400
9170 0.000000 0.552800 0.447200
10087 0.000000 0.553400 0.446600
11096 0.000000 0.596300 0.403700
12206 0.000000 0.540100 0.459900
13426 0.000000 0.528800 0.471200
14769 0.000000 0.570900 0.429100
16246 0.000000 0.573300 0.426700
17870 0.000000 0.580200 0.419800
19657 0.000000 0.551100 0.448900
21623 0.000000 0.563100 0.436900
23785 0.000000 0.565200 0.434800
26163 0.000000 0.584600 0.415400
28780 0.000000 0.576600 0.423400
31658 0.000000 0.526400 0.473600
34823 0.000000 0.582100 0.417900
38306 0.000000 0.596200 0.403800
42136 0.000000 0.542800 0.457200
46350 0.000000 0.544200 0.455800
50985 0.000000 0.574300 0.425700
56083 0.000000 0.599400 0.400600
61691 0.000000 0.568600 0.431400
67860 0.000000 0.619200 0.380800
74646 0.000000 0.579400 0.420600
82111 0.000000 0.526800 0.473200
90322 0.000000 0.523000 0.477000
99354 0.000000 0.555800 0.444200

