0.010000 0.265000 0.489700 0.245300
1 0.265000 0.489700 0.245300
2 0.205100 0.632100 0.162800
3 0.164700 0.717600 0.117700
4 0.135100 0.776200 0.088700
5 0.112400 0.816000 0.071600
6 0.097700 0.844500 0.057800
7 0.086200 0.864000 0.049800
8 0.079100 0.879200 0.041700
9 0.072700 0.891400 0.035900
10 0.069800 0.897300 0.032900
11 0.069200 0.902400 0.028400
13 0.065600 0.911300 0.023100
14 0.064100 0.912100 0.023800
16 0.062300 0.916200 0.021500
17 0.061700 0.917600 0.020700
19 0.058700 0.921700 0.019600
21 0.051400 0.929000 0.019600
23 0.045700 0.934500 0.019800
25 0.041200 0.938000 0.020800
28 0.032400 0.947500 0.020100
31 0.028700 0.951200 0.020100
34 0.023600 0.957200 0.019200
37 0.019400 0.959700 0.020900
41 0.017000 0.961700 0.021300
45 0.014700 0.965600 0.019700
49 0.013800 0.966900 0.019300
54 0.009500 0.969600 0.020900
59 0.008000 0.968800 0.023200
65 0.005800 0.969300 0.024900
72 0.004800 0.966000 0.029200
79 0.002000 0.962200 0.035800
86 0.001000 0.955100 0.043900
95 0.000500 0.945600 0.053900
104 0.000000 0.942100 0.057900
115 0.000000 0.927800 0.072200
126 0.000000 0.917700 0.082300
139 0.000000 0.909300 0.090700
153 0.000000 0.896800 0.103200
168 0.000000 0.877900 0.122100
185 0.000000 0.855400 0.144600
203 0.000000 0.833100 0.166900
223 0.000000 0.804700 0.195300
246 0.000000 0.749800 0.250200
270 0.000000 0.713900 0.286100
297 0.000000 0.672900 0.327100
327 0.000000 0.617800 0.382200
359 0.000000 0.555400 0.444600
395 0.000000 0.476400 0.523600
435 0.000000 0.403400 0.596600
478 0.000000 0.328900 0.671100
526 0.000000 0.234700 0.765300
579 0.000000 0.154800 0.845200
636 0.000000 0.096600 0.903400
700 0.000000 0.062400 0.937600
770 0.000000 0.037900 0.962100
847 0.000000 0.034900 0.965100
931 0.000000 0.026800 0.973200
1025 0.000000 0.021800 0.978200
1127 0.000000 0.027300 0.972700
1240 0.000000 0.029000 0.971000
1364 0.000000 0.025300 0.974700
1500 0.000000 0.028500 0.971500
1650 0.000000 0.030700 0.969300
1815 0.000000 0.030600 0.969400
1996 0.000000 0.026500 0.973500
2196 0.000000 0.038600 0.961400
2415 0.000000 0.033400 0.966600
2657 0.000000 0.026100 0.973900
2922 0.000000 0.032900 0.967100
3215 0.000000 0.035100 0.964900
3536 0.000000 0.026400 0.973600
3889 0.000000 0.031300 0.968700
4278 0.000000 0.035800 0.964200
4706 0.000000 0.031300 0.968700
5177 0.000000 0.040300 0.959700
5694 0.000000 0.043000 0.957000
6264 0.000000 0.040900 0.959100
6890 0.000000 0.029300 0.970700
7579 0.000000 0.033700 0.966300
8337 0.000000 0.027800 0.972200
9170 0.000000 0.034700 0.965300
10087 0.000000 0.033300 0.966700
11096 0.000000 0.025100 0.974900
12206 0.000000 0.031300 0.968700
13426 0.000000 0.027000 0.973000
14769 0.000000 0.030900 0.969100
16246 0.000000 0.031800 0.968200
17870 0.000000 0.031700 0.968300
19657 0.000000 0.028300 0.971700
21623 0.000000 0.035200 0.964800
23785 0.000000 0.033400 0.966600
26163 0.000000 0.029300 0.970700
28780 0.000000 0.026200 0.973800
31658 0.000000 0.026300 0.973700
34823 0.000000 0.034200 0.965800
38306 0.000000 0.031700 0.968300
42136 0.000000 0.033700 0.966300
46350 0.000000 0.029300 0.970700
50985 0.000000 0.028800 0.971200
56083 0.000000 0.021200 0.978800
61691 0.000000 0.029000 0.971000
67860 0.000000 0.036400 0.963600
74646 0.000000 0.025700 0.974300
82111 0.000000 0.026400 0.973600
90322 0.000000 0.042800 0.957200
99354 0.000000 0.023600 0.976400
