0.010000 0.241500 0.503200 0.255300
1 0.241500 0.503200 0.255300
2 0.182100 0.646500 0.171400
3 0.145600 0.733300 0.121100
4 0.115000 0.795200 0.089800
5 0.097000 0.833100 0.069900
6 0.080200 0.862500 0.057300
7 0.071800 0.881500 0.046700
8 0.064500 0.893500 0.042000
9 0.059500 0.901900 0.038600
10 0.052900 0.911100 0.036000
11 0.049100 0.916800 0.034100
13 0.045900 0.923800 0.030300
14 0.044900 0.924900 0.030200
16 0.040800 0.932400 0.026800
17 0.040100 0.933300 0.026600
19 0.036200 0.936800 0.027000
21 0.032400 0.939500 0.028100
23 0.027300 0.947300 0.025400
25 0.025700 0.949600 0.024700
28 0.022100 0.954200 0.023700
31 0.017600 0.960700 0.021700
34 0.018200 0.962100 0.019700
37 0.016800 0.962500 0.020700
41 0.013400 0.965500 0.021100
45 0.009100 0.966800 0.024100
49 0.007800 0.966700 0.025500
54 0.007100 0.967500 0.025400
59 0.007700 0.970400 0.021900
65 0.005600 0.971600 0.022800
72 0.004900 0.971800 0.023300
79 0.004200 0.966800 0.029000
86 0.003800 0.963300 0.032900
95 0.004400 0.957300 0.038300
104 0.004700 0.953800 0.041500
115 0.003700 0.952000 0.044300
126 0.003300 0.945800 0.050900
139 0.001400 0.943200 0.055400
153 0.000000 0.939000 0.061000
168 0.000000 0.940000 0.060000
185 0.000000 0.933500 0.066500
203 0.000000 0.924800 0.075200
223 0.000000 0.912700 0.087300
246 0.000000 0.908000 0.092000
270 0.000000 0.902400 0.097600
297 0.000000 0.897000 0.103000
327 0.000000 0.896500 0.103500
359 0.000000 0.891100 0.108900
395 0.000000 0.882300 0.117700
435 0.000000 0.884000 0.116000
478 0.000000 0.876500 0.123500
526 0.000000 0.864600 0.135400
579 0.000000 0.850700 0.149300
636 0.000000 0.842700 0.157300
700 0.000000 0.822000 0.178000
770 0.000000 0.820700 0.179300
847 0.000000 0.804300 0.195700
931 0.000000 0.774900 0.225100
1025 0.000000 0.766000 0.234000
1127 0.000000 0.718700 0.281300
1240 0.000000 0.726200 0.273800
1364 0.000000 0.716400 0.283600
1500 0.000000 0.682000 0.318000
1650 0.000000 0.644300 0.355700
1815 0.000000 0.592700 0.407300
1996 0.000000 0.580400 0.419600
2196 0.000000 0.576000 0.424000
2415 0.000000 0.624900 0.375100
2657 0.000000 0.558700 0.441300
2922 0.000000 0.545600 0.454400
3215 0.000000 0.557400 0.442600
3536 0.000000 0.563000 0.437000
3889 0.000000 0.559500 0.440500
4278 0.000000 0.553800 0.446200
4706 0.000000 0.573600 0.426400
5177 0.000000 0.625000 0.375000
5694 0.000000 0.547600 0.452400
6264 0.000000 0.551200 0.448800
6890 0.000000 0.515600 0.484400
7579 0.000000 0.559000 0.441000
8337 0.000000 0.532900 0.467100
9170 0.000000 0.503200 0.496800
10087 0.000000 0.518200 0.481800
11096 0.000000 0.576700 0.423300
12206 0.000000 0.550900 0.449100
13426 0.000000 0.591000 0.409000
14769 0.000000 0.632100 0.367900
16246 0.000000 0.571700 0.428300
17870 0.000000 0.572500 0.427500
19657 0.000000 0.519400 0.480600
21623 0.000000 0.648100 0.351900
23785 0.000000 0.655300 0.344700
26163 0.000000 0.559300 0.440700
28780 0.000000 0.610400 0.389600
31658 0.000000 0.562100 0.437900
34823 0.000000 0.573500 0.426500
38306 0.000000 0.532500 0.467500
42136 0.000000 0.522600 0.477400
46350 0.000000 0.600300 0.399700
50985 0.000000 0.573700 0.426300
56083 0.000000 0.588100 0.411900
61691 0.000000 0.569100 0.430900
67860 0.000000 0.579600 0.420400
74646 0.000000 0.557200 0.442800
82111 0.000000 0.606900 0.393100
90322 0.000000 0.589500 0.410500
99354 0.000000 0.517400 0.482600
