0.010000 0.256000 0.497100 0.246900
1 0.256000 0.497100 0.246900
2 0.229000 0.611500 0.159500
3 0.203000 0.684100 0.112900
4 0.179700 0.734200 0.086100
5 0.165800 0.764800 0.069400
6 0.151000 0.787600 0.061400
7 0.139800 0.805400 0.054800
8 0.134600 0.816100 0.049300
9 0.129600 0.824400 0.046000
10 0.125700 0.832900 0.041400
11 0.122500 0.840300 0.037200
13 0.111800 0.852800 0.035400
14 0.110300 0.856300 0.033400
16 0.099500 0.867200 0.033300
17 0.097600 0.868400 0.034000
19 0.090700 0.875400 0.033900
21 0.088500 0.880800 0.030700
23 0.086200 0.880600 0.033200
25 0.087500 0.881600 0.030900
28 0.085500 0.883700 0.030800
31 0.074700 0.892800 0.032500
34 0.071600 0.893200 0.035200
37 0.067000 0.896900 0.036100
41 0.065300 0.896000 0.038700
45 0.060200 0.899000 0.040800
49 0.059400 0.898200 0.042400
54 0.057800 0.902800 0.039400
59 0.055500 0.905000 0.039500
65 0.060500 0.904600 0.034900
72 0.058500 0.906000 0.035500
79 0.061000 0.906500 0.032500
86 0.052500 0.912500 0.035000
95 0.053000 0.907800 0.039200
104 0.047100 0.911000 0.041900
115 0.053000 0.907600 0.039400
126 0.052200 0.913600 0.034200
139 0.040700 0.923100 0.036200
153 0.047400 0.917900 0.034700
168 0.047000 0.917000 0.036000
185 0.046800 0.918300 0.034900
203 0.032600 0.930100 0.037300
223 0.021200 0.937800 0.041000
246 0.019800 0.944300 0.035900
270 0.019100 0.943000 0.037900
297 0.018600 0.935400 0.046000
327 0.021800 0.920900 0.057300
359 0.028500 0.917300 0.054200
395 0.025300 0.907100 0.067600
435 0.032000 0.889200 0.078800
478 0.038400 0.875100 0.086500
526 0.036000 0.850200 0.113800
579 0.048700 0.817800 0.133500
636 0.051400 0.772200 0.176400
700 0.063000 0.737100 0.199900
770 0.086600 0.690300 0.223100
847 0.079600 0.656500 0.263900
931 0.077900 0.628100 0.294000
1025 0.092300 0.558800 0.348900
1127 0.068600 0.504200 0.427200
1240 0.088900 0.403800 0.507300
1364 0.102800 0.257200 0.640000
1500 0.099500 0.134800 0.765700
1650 0.079400 0.039200 0.881400
1815 0.098200 0.006700 0.895100
1996 0.095700 0.000000 0.904300
2196 0.095700 0.000000 0.904300
2415 0.095700 0.000000 0.904300
2657 0.095700 0.000000 0.904300
2922 0.095700 0.000000 0.904300
3215 0.095700 0.000000 0.904300
3536 0.095700 0.000000 0.904300
3889 0.095700 0.000000 0.904300
4278 0.095700 0.000000 0.904300
4706 0.095700 0.000000 0.904300
5177 0.095700 0.000000 0.904300
5694 0.095700 0.000000 0.904300
6264 0.095700 0.000000 0.904300
6890 0.095700 0.000000 0.904300
7579 0.095700 0.000000 0.904300
8337 0.095700 0.000000 0.904300
9170 0.095700 0.000000 0.904300
10087 0.095700 0.000000 0.904300
11096 0.095700 0.000000 0.904300
12206 0.095700 0.000000 0.904300
13426 0.095700 0.000000 0.904300
14769 0.095700 0.000000 0.904300
16246 0.095700 0.000000 0.904300
17870 0.095700 0.000000 0.904300
19657 0.095700 0.000000 0.904300
21623 0.095700 0.000000 0.904300
23785 0.095700 0.000000 0.904300
26163 0.095700 0.000000 0.904300
28780 0.095700 0.000000 0.904300
31658 0.095700 0.000000 0.904300
34823 0.095700 0.000000 0.904300
38306 0.095700 0.000000 0.904300
42136 0.095700 0.000000 0.904300
46350 0.095700 0.000000 0.904300
50985 0.095700 0.000000 0.904300
56083 0.095700 0.000000 0.904300
61691 0.095700 0.000000 0.904300
67860 0.095700 0.000000 0.904300
74646 0.095700 0.000000 0.904300
82111 0.095700 0.000000 0.904300
90322 0.095700 0.000000 0.904300
99354 0.095700 0.000000 0.904300
