0.010000 0.255300 0.493500 0.251200
1 0.255300 0.493500 0.251200
2 0.196900 0.627400 0.175700
3 0.162000 0.715000 0.123000
4 0.135500 0.770600 0.093900
5 0.119200 0.804900 0.075900
6 0.104100 0.832100 0.063800
7 0.092400 0.853100 0.054500
8 0.077900 0.876200 0.045900
9 0.069400 0.887700 0.042900
10 0.063400 0.896900 0.039700
11 0.055500 0.905400 0.039100
13 0.046600 0.917400 0.036000
14 0.044000 0.919800 0.036200
16 0.037200 0.926300 0.036500
17 0.034400 0.929300 0.036300
19 0.030200 0.934000 0.035800
21 0.028000 0.935400 0.036600
23 0.026400 0.937900 0.035700
25 0.023700 0.940500 0.035800
28 0.021200 0.940700 0.038100
31 0.021700 0.941800 0.036500
34 0.017700 0.946100 0.036200
37 0.015400 0.946300 0.038300
41 0.014200 0.947200 0.038600
45 0.015200 0.945900 0.038900
49 0.013600 0.947000 0.039400
54 0.012400 0.947800 0.039800
59 0.011600 0.946900 0.041500
65 0.008700 0.944200 0.047100
72 0.005100 0.939300 0.055600
79 0.002200 0.933600 0.064200
86 0.001400 0.931800 0.066800
95 0.001200 0.923600 0.075200
104 0.001600 0.915900 0.082500
115 0.000000 0.903700 0.096300
126 0.000000 0.888300 0.111700
139 0.000000 0.872600 0.127400
153 0.000000 0.857700 0.142300
168 0.000000 0.835200 0.164800
185 0.000000 0.796800 0.203200
203 0.000000 0.763500 0.236500
223 0.000000 0.726500 0.273500
246 0.000000 0.683300 0.316700
270 0.000000 0.628000 0.372000
297 0.000000 0.579700 0.420300
327 0.000000 0.509800 0.490200
359 0.000000 0.455200 0.544800
395 0.000000 0.393600 0.606400
435 0.000000 0.332800 0.667200
478 0.000000 0.261700 0.738300
526 0.000000 0.203400 0.796600
579 0.000000 0.137600 0.862400
636 0.000000 0.093700 0.906300
700 0.000000 0.043300 0.956700
770 0.000000 0.043400 0.956600
847 0.000000 0.022600 0.977400
931 0.000000 0.030400 0.969600
1025 0.000000 0.022500 0.977500
1127 0.000000 0.025300 0.974700
1240 0.000000 0.030700 0.969300
1364 0.000000 0.022800 0.977200
1500 0.000000 0.026200 0.973800
1650 0.000000 0.030900 0.969100
1815 0.000000 0.024800 0.975200
1996 0.000000 0.024000 0.976000
2196 0.000000 0.031300 0.968700
2415 0.000000 0.028000 0.972000
2657 0.000000 0.022400 0.977600
2922 0.000000 0.026200 0.973800
3215 0.000000 0.033500 0.966500
3536 0.000000 0.023400 0.976600
3889 0.000000 0.030000 0.970000
4278 0.000000 0.037900 0.962100
4706 0.000000 0.032400 0.967600
5177 0.000000 0.034700 0.965300
5694 0.000000 0.023400 0.976600
6264 0.000000 0.027600 0.972400
6890 0.000000 0.023700 0.976300
7579 0.000000 0.025900 0.974100
8337 0.000000 0.024500 0.975500
9170 0.000000 0.035600 0.964400
10087 0.000000 0.029000 0.971000
11096 0.000000 0.032700 0.967300
12206 0.000000 0.038100 0.961900
13426 0.000000 0.026300 0.973700
14769 0.000000 0.030900 0.969100
16246 0.000000 0.023700 0.976300
17870 0.000000 0.031900 0.968100
19657 0.000000 0.031900 0.968100
21623 0.000000 0.033300 0.966700
23785 0.000000 0.028900 0.971100
26163 0.000000 0.037000 0.963000
28780 0.000000 0.030300 0.969700
31658 0.000000 0.035000 0.965000
34823 0.000000 0.026900 0.973100
38306 0.000000 0.025800 0.974200
42136 0.000000 0.036300 0.963700
46350 0.000000 0.025600 0.974400
50985 0.000000 0.025900 0.974100
56083 0.000000 0.026500 0.973500
61691 0.000000 0.026200 0.973800
67860 0.000000 0.028400 0.971600
74646 0.000000 0.034400 0.965600
82111 0.000000 0.025500 0.974500
90322 0.000000 0.031800 0.968200
99354 0.000000 0.028100 0.971900
